NUMBER OF TIMES THE ALGORITHM SEPANN REPEATS ITS LOOP:

n = 100,000 points
Repeat times    n         c
      2       100000   1623.47
      3        99950   1623.47
      3        92541   1623.47
      5        91104   1623.47
      4        89978   1623.47
      1        89924   1623.47
      1        87965   1623.47
      5        85660   1623.47

n = 200,000 points
Repeat times    n         c
      6       200000   1623.47
      7       193836   1623.47
      2       179534   1623.47
      1       172501   1623.47
     13       158381   1623.47
      3       156531   1623.47
      2       149597   1623.47
      1       141952   1623.47
      5       128837   1623.47
      3       128660   1623.47
      1       122847   1623.47
      1       121990   1623.47
      2       121805   1623.47
      1       120399   1623.47
      1       119594   1623.47
      1       113102   1623.47
      1       106193   1623.47
      1       106103   1623.47
      1       105984   1623.47
      4       101943   1623.47
      2        96367   1623.47
      2        96154   1623.47
      6        83621   1623.47
     13        83288   1623.47
      2        82515   1623.47

n = 300,000 points
Repeat times    n         c
      1       300000   1623.47
      1       289192   1623.47
      7       278805   1623.47
      7       261946   1623.47
      6       236561   1623.47
      7       210330   1623.47
      1       187469   1623.47
      4       183369   1623.47
      4       174136   1623.47
      2       171831   1623.47
      3       169746   1623.47
      6       167478   1623.47
      5       166197   1623.47
      1       163279   1623.47
      8       158906   1623.47
      3       154952   1623.47
      4       154660   1623.47
      3       150942   1623.47
      1       141001   1623.47
      1       136492   1623.47
      2       132734   1623.47
      3       128108   1623.47
      1       127759   1623.47
      1       117991   1623.47
      6       105882   1623.47
      1        99357   1623.47
      1        98900   1623.47
      3        98389   1623.47
      6        92217   1623.47
      5        85520   1623.47
      1        80292   1623.47
      
n = 300,000 points
Repeat times    n         c
      4       300000   1623.47
      2       295067   1623.47
      1       293001   1623.47
      4       289105   1623.47
      3       268717   1623.47
      4       264261   1623.47
      4       241565   1623.47
      5       219110   1623.47
      1       200865   1623.47
      2       191780   1623.47
      1       167549   1623.47
      2       165324   1623.47
      3       154287   1623.47
      2       153134   1623.47
      5       147177   1623.47
      2       144456   1623.47
      1       133472   1623.47
      8       132399   1623.47
      2       122624   1623.47
      1       119300   1623.47
      1       117225   1623.47
      2       104792   1623.47
      1        91432   1623.47
      2        88272   1623.47
      2        84230   1623.47
      
n = 300,001 points
Repeat times    n         c
      8       300001   1623.47
      3       279680   1623.47
      1       277741   1623.47
      5       277514   1623.47
      1       275177   1623.47
      2       266488   1623.47
      5       265867   1623.47
      4       236589   1623.47
      2       222170   1623.47
      1       209327   1623.47
     13       205225   1623.47
      7       190517   1623.47
     12       187540   1623.47
      4       186266   1623.47
      7       177820   1623.47
      8       167347   1623.47
      7       162031   1623.47
      4       149450   1623.47
      6       142689   1623.47
      9       126066   1623.47
      5       125736   1623.47
     12       109592   1623.47
      1       101544   1623.47
      3        98337   1623.47
      4        90475   1623.47
      3        90220   1623.47
      1        89587   1623.47
      1        85731   1623.47
     11        85702   1623.47
      2        82725   1623.47

n = 400,000 points
Repeat times    n         c
      2       400000   1623.47
      7       156784   1623.47
      2       152007   1623.47
      1       141194   1623.47
     11       135121   1623.47
      1       131948   1623.47
      4       130841   1623.47
      2       114965   1623.47
      2       113031   1623.47
      6       112309   1623.47
      2       111989   1623.47
     10       108144   1623.47
      5       107820   1623.47
      2       104775   1623.47
      1       103930   1623.47
      6       102441   1623.47
      1        97632   1623.47
      1        96053   1623.47
      5        94928   1623.47
      1        94743   1623.47
      4        91280   1623.47
      3        84336   1623.47
      7        80870   1623.47
      4       349939   1623.47
      2       348061   1623.47
      2       122776   1623.47
      5       122599   1623.47
      9       116690   1623.47
      2       114616   1623.47
      3       104747   1623.47
      4       100824   1623.47
      1        89705   1623.47
      2        89001   1623.47
      2        87197   1623.47
      3        85684   1623.47
      2        85512   1623.47
      4        85166   1623.47
      3        84500   1623.47
      7       304032   1623.47
      4       296491   1623.47
      4       282954   1623.47
      5       260321   1623.47
      8       255588   1623.47
      2       243047   1623.47
      1       238071   1623.47
      3       234188   1623.47
      2       220125   1623.47
      2       199820   1623.47
      2       198879   1623.47
      3       185225   1623.47
      3       175898   1623.47
      2       161527   1623.47
      5       159174   1623.47
      3       155840   1623.47
      3       139668   1623.47
      2       123766   1623.47
      3       122612   1623.47
      1       119936   1623.47
      2       116693   1623.47
      1       116316   1623.47
      1       110175   1623.47
      6       109210   1623.47
      1       106299   1623.47
      2       104826   1623.47
      4       104665   1623.47
      3        97190   1623.47
      3        96863   1623.47
      3        94628   1623.47
      1        90748   1623.47
      7        84383   1623.47

n = 500,000 points
Repeat times    n         c
      4       500000   1623.47
      5       488526   1623.47
     13       460834   1623.47
      1       443749   1623.47
      4       111650   1623.47
      1       109489   1623.47
      5       100960   1623.47
      1        94215   1623.47
      2        89721   1623.47
      1        89608   1623.47
      1        83831   1623.47
      5       415324   1623.47
      4       120742   1623.47
      6       112407   1623.47
      5       105422   1623.47
      2       101067   1623.47
      1        96758   1623.47
     18        96737   1623.47
      4        96727   1623.47
      5        92454   1623.47
      7        91741   1623.47
      1        90404   1623.47
      6        83780   1623.47
      2       373335   1623.47
      7       353728   1623.47
      4       130092   1623.47
      3       129220   1623.47
      6       123421   1623.47
      1       122808   1623.47
      8       118905   1623.47
      2       114435   1623.47
      1       112195   1623.47
      1       104849   1623.47
      1       102506   1623.47
      1       101118   1623.47
      2        95044   1623.47
      7        94275   1623.47
      6        90449   1623.47
      5        82783   1623.47
      1       319678   1623.47
      4       314017   1623.47
      1       118997   1623.47
      2       107599   1623.47
      1        91075   1623.47
      1        80466   1623.47
      4       269291   1623.47
      5       247150   1623.47
      3       246909   1623.47
      4       229179   1623.47
      1       228603   1623.47
     11       221738   1623.47
      1       202557   1623.47
      1       201630   1623.47
      1       182387   1623.47
      2       162337   1623.47
      2       162038   1623.47
      4       155513   1623.47
      1       154483   1623.47
      1       148961   1623.47
      1       143228   1623.47
      2       119341   1623.47
      3       118637   1623.47
      3       117471   1623.47
      3       112876   1623.47
      5       112705   1623.47
      1       107229   1623.47
      2       106880   1623.47
      2       102470   1623.47
      4        99439   1623.47
      1        91482   1623.47
      3        91338   1623.47
      1        89940   1623.47
      1        83842   1623.47

n = 600,000 points
Repeat times    n         c
      3       600000   1623.47
      1       594587   1623.47
      2       159271   1623.47
      6       157683   1623.47
      2       156201   1623.47
      4       146060   1623.47
     14       142043   1623.47
      1       137221   1623.47
      3       123819   1623.47
      2       120994   1623.47
      3       120189   1623.47
      4       119412   1623.47
      9       118252   1623.47
      4       114019   1623.47
      1       107054   1623.47
      4        98584   1623.47
      5        98183   1623.47
      7        94660   1623.47
      1        94098   1623.47
      4        92697   1623.47
      1        87969   1623.47
     10        87721   1623.47
      3        87274   1623.47
      1        83781   1623.47
      1        81923   1623.47
      3       499161   1623.47
      9       493114   1623.47
      4       126284   1623.47
      2       125675   1623.47
      5       120070   1623.47
     21       118885   1623.47
      2       106541   1623.47
      2       106516   1623.47
      3        99218   1623.47
      2        96357   1623.47
      1        95272   1623.47
      3        91113   1623.47
      5        90433   1623.47
      5        90322   1623.47
      2        90272   1623.47
      8        87827   1623.47
      3        87630   1623.47
      2        82226   1623.47
      7        81276   1623.47
     14        80712   1623.47
     12        80359   1623.47
      2       453364   1623.47
      1       128167   1623.47
      4       117634   1623.47
      2       112289   1623.47
      2       110104   1623.47
      3       101304   1623.47
      1        99453   1623.47
      3        95876   1623.47
      2        90786   1623.47
      3        88410   1623.47
      6        80929   1623.47
      6        80603   1623.47
      3       416224   1623.47
     10       409931   1623.47
      3        85758   1623.47
      7        80685   1623.47
     13       378169   1623.47
      1       109536   1623.47
      1       103011   1623.47
     13       102506   1623.47
     13        94360   1623.47
      1        90202   1623.47
      9        88139   1623.47
      1        84493   1623.47
      6        81708   1623.47
      6        81655   1623.47
      2       345382   1623.47
      4        83705   1623.47
      7        81917   1623.47
      1       313733   1623.47
      9       298033   1623.47
      1       283152   1623.47
      2        84903   1623.47
      4        82408   1623.47
      1       259505   1623.47
      1        90032   1623.47
      2        83060   1623.47
      1       219734   1623.47
      1       212135   1623.47
      1       192671   1623.47
      6       191779   1623.47
      4       187967   1623.47
      5       187480   1623.47
      2       173710   1623.47
      1       166041   1623.47
      1       148058   1623.47
      3       146813   1623.47
      1       133814   1623.47
      1       133261   1623.47
      3       127931   1623.47
      1        98908   1623.47
      3        97367   1623.47
      2        97270   1623.47
      1        89759   1623.47
      1        86089   1623.47
      3        82362   1623.47

n = 700,000 points
Repeat times    n         c
      3       700000   1623.47
      3       689450   1623.47
      6       653597   1623.47
      2       196083   1623.47
      2       190410   1623.47
      1       186137   1623.47
      5       177074   1623.47
      4       175268   1623.47
      1       168300   1623.47
      3       162216   1623.47
      4       158979   1623.47
     13       146415   1623.47
      2       144038   1623.47
     16       143423   1623.47
      3       133486   1623.47
      5       129676   1623.47
      4       124891   1623.47
      2       119106   1623.47
      4       114497   1623.47
      3       113475   1623.47
      1       112866   1623.47
      3       105841   1623.47
      1       105728   1623.47
      1       105452   1623.47
      1       100655   1623.47
      4        91416   1623.47
      4        86991   1623.47
      3        86791   1623.47
      9       516351   1623.47
      3       181538   1623.47
     14       177629   1623.47
      2       167426   1623.47
      2       159399   1623.47
     11       158046   1623.47
      3       157061   1623.47
      1       146515   1623.47
      2       139037   1623.47
      4       132346   1623.47
      3       128835   1623.47
     21       125799   1623.47
      3       125766   1623.47
      2       124408   1623.47
      7       123178   1623.47
      1       114240   1623.47
      1       102134   1623.47
      3        96852   1623.47
      1        96619   1623.47
      1        93811   1623.47
      3        79595   1623.47
      1       471178   1623.47
      1       120629   1623.47
      1       120020   1623.47
      1       114616   1623.47
      1       106755   1623.47
      5       101533   1623.47
      6        94992   1623.47
      1        94823   1623.47
      1        94722   1623.47
      3        91524   1623.47
      8        84779   1623.47
      3       440797   1623.47
      1       412583   1623.47
      8       405464   1623.47
      1       398543   1623.47
      1        87657   1623.47
      2        81943   1623.47
      1       359787   1623.47
      2       342703   1623.47
      1       325374   1623.47
      3       324675   1623.47
      4       322566   1623.47
      2       322326   1623.47
      7       322257   1623.47
      7       321570   1623.47
     11       303997   1623.47
      5       289782   1623.47
      2       287337   1623.47
      3       276981   1623.47
      3       276813   1623.47
      3       269894   1623.47
      1       269009   1623.47
      1       268883   1623.47
      1       246046   1623.47
      3       231216   1623.47
      2       225490   1623.47
      4       214060   1623.47
     11       213875   1623.47
      1       204236   1623.47
      1       180551   1623.47
      5       171349   1623.47
      1       155686   1623.47
      2       154717   1623.47
      3       151294   1623.47
      3       145100   1623.47
      4       142954   1623.47
      3       138833   1623.47
     10       135189   1623.47
      2       133345   1623.47
     11       118596   1623.47
     12       118546   1623.47
      1       107924   1623.47
      1       105795   1623.47
      3        96057   1623.47
      2        94948   1623.47
      2        94220   1623.47
      7        88295   1623.47
      4        86638   1623.47
      1        85553   1623.47
      1        80956   1623.47
      2        79800   1623.47
      3        79727   1623.47
