      1          100   21.7463
NUMBER OF TIMES THE ALGORITHM SEPANN REPEATS ITS LOOP:
Repeat times       n         c
      3          200   21.7463
      3          176   21.7463
      1           97   21.7463
NUMBER OF TIMES THE ALGORITHM SEPANN REPEATS ITS LOOP:
Repeat times       n         c
      2          300   21.7463
      2          256   21.7463
      5          174   21.7463
      3          147   21.7463
      2          137   21.7463
      1           91   21.7463
NUMBER OF TIMES THE ALGORITHM SEPANN REPEATS ITS LOOP:
Repeat times       n         c
      1          400   21.7463
      2          114   21.7463
      1          286   21.7463
      1          126   21.7463
      5          125   21.7463
      1          100   21.7463
      4          160   21.7463
      1          159   21.7463
      1           99   21.7463
NUMBER OF TIMES THE ALGORITHM SEPANN REPEATS ITS LOOP:
Repeat times       n         c
      4          500   21.7463
      1          142   21.7463
      1          134   21.7463
      1          100   21.7463
      1          358   21.7463
      2          311   21.7463
      4          141   21.7463
      4          134   21.7463
      2           89   21.7463
      3          170   21.7463
      1          169   21.7463
      1          122   21.7463
      2           87   21.7463
NUMBER OF TIMES THE ALGORITHM SEPANN REPEATS ITS LOOP:
Repeat times       n         c
      1          600   21.7463
      1          531   21.7463
      3          193   21.7463
      2          140   21.7463
      1          111   21.7463
      1          338   21.7463
      1          132   21.7463
      2          122   21.7463
      2          206   21.7463
      2          192   21.7463
      2          122   21.7463
      2          108   21.7463
NUMBER OF TIMES THE ALGORITHM SEPANN REPEATS ITS LOOP:
Repeat times       n         c
      1          700   21.7463
      1          223   21.7463
      4          102   21.7463
      1          121   21.7463
      2           90   21.7463
      3          477   21.7463
      7          128   21.7463
      1          349   21.7463
      5          266   21.7463
      1          103   21.7463
      1           87   21.7463
      3          163   21.7463
      1          104   21.7463
NUMBER OF TIMES THE ALGORITHM SEPANN REPEATS ITS LOOP:
Repeat times       n         c
      9          800   21.7463
      2          285   21.7463
      1          221   21.7463
      1          192   21.7463
      2          111   21.7463
      2          110   21.7463
      2          109   21.7463
      1          515   21.7463
      1          234   21.7463
      2           94   21.7463
      2          140   21.7463
      3          281   21.7463
      1          140   21.7463
      6          107   21.7463
      1           94   21.7463
      2          141   21.7463
      1          124   21.7463
      3          118   21.7463
NUMBER OF TIMES THE ALGORITHM SEPANN REPEATS ITS LOOP:
Repeat times       n         c
      1          900   21.7463
      1          179   21.7463
      3          143   21.7463
      1           91   21.7463
      3          721   21.7463
      1          336   21.7463
      1          313   21.7463
      3          105   21.7463
      3           91   21.7463
      6          208   21.7463
      1          191   21.7463
      2          122   21.7463
      1          100   21.7463
      1          385   21.7463
      3          367   21.7463
      2          106   21.7463
      2          101   21.7463
      1          261   21.7463
      2          246   21.7463
      3          227   21.7463
      2           90   21.7463
      1          137   21.7463
      2          130   21.7463
NUMBER OF TIMES THE ALGORITHM SEPANN REPEATS ITS LOOP:
Repeat times       n         c
      1         1000   21.7463
      1          954   21.7463
      1          114   21.7463
      6          840   21.7463
      1          392   21.7463
      3          143   21.7463
      1           87   21.7463
      4          249   21.7463
      2          166   21.7463
      1          135   21.7463
      1          128   21.7463
      2          114   21.7463
      1          113   21.7463
      2          448   21.7463
      1          101   21.7463
      1          100   21.7463
      5          347   21.7463
      1          136   21.7463
      3          211   21.7463
      1           88   21.7463
      2           87   21.7463
      1          123   21.7463
NUMBER OF TIMES THE ALGORITHM SEPANN REPEATS ITS LOOP:
Repeat times       n         c
      1         1100   21.7463
      2          175   21.7463
      4          115   21.7463
      1           91   21.7463
      6          925   21.7463
      2          213   21.7463
      1          170   21.7463
      1          141   21.7463
      2          712   21.7463
      2          217   21.7463
      1          216   21.7463
      3           97   21.7463
      2          119   21.7463
      1          105   21.7463
      3          104   21.7463
      1          495   21.7463
      2          194   21.7463
      2          156   21.7463
      2           93   21.7463
      1           92   21.7463
      2          301   21.7463
      3          222   21.7463
      1          181   21.7463
      1          154   21.7463
      1          146   21.7463
      1          118   21.7463
      1          117   21.7463
NUMBER OF TIMES THE ALGORITHM SEPANN REPEATS ITS LOOP:
Repeat times       n         c
      1         1200   21.7463
      1          287   21.7463
      2          243   21.7463
      1          171   21.7463
      1           87   21.7463
      3          913   21.7463
      3          124   21.7463
      1          100   21.7463
      1          789   21.7463
      1          292   21.7463
      4          222   21.7463
      1          172   21.7463
      1          128   21.7463
      2           97   21.7463
      1           92   21.7463
      1          497   21.7463
      3          455   21.7463
      1          454   21.7463
      2          398   21.7463
      3           92   21.7463
      1          306   21.7463
      2          118   21.7463
      1          108   21.7463
      1          188   21.7463
      1          179   21.7463
      1           97   21.7463
      1           91   21.7463
NUMBER OF TIMES THE ALGORITHM SEPANN REPEATS ITS LOOP:
Repeat times       n         c
      2         1300   21.7463
      5          456   21.7463
      4           87   21.7463
      1          369   21.7463
      2          316   21.7463
      1          301   21.7463
      1          273   21.7463
      1          104   21.7463
      3           98   21.7463
      4          169   21.7463
      1          156   21.7463
      1           91   21.7463
      1          844   21.7463
      1           95   21.7463
      1           87   21.7463
      1          749   21.7463
      1          260   21.7463
      1          228   21.7463
      2          166   21.7463
      1          131   21.7463
      1          489   21.7463
      2          466   21.7463
      5          115   21.7463
      2          351   21.7463
      7          170   21.7463
      1           99   21.7463
      2           90   21.7463
      1          181   21.7463
      3          123   21.7463
NUMBER OF TIMES THE ALGORITHM SEPANN REPEATS ITS LOOP:
Repeat times       n         c
      1         1400   21.7463
      4          446   21.7463
      1          423   21.7463
      1           99   21.7463
      1          324   21.7463
      1          271   21.7463
      1          243   21.7463
      3           97   21.7463
      1          146   21.7463
      2          954   21.7463
      1          209   21.7463
      2          136   21.7463
      2          745   21.7463
      1          336   21.7463
      3          315   21.7463
      4          260   21.7463
      1          205   21.7463
      1          133   21.7463
      8          132   21.7463
      1          107   21.7463
      1          409   21.7463
      1          187   21.7463
      4          132   21.7463
      2          131   21.7463
      1          118   21.7463
      1          110   21.7463
      1          222   21.7463
      1          145   21.7463
NUMBER OF TIMES THE ALGORITHM SEPANN REPEATS ITS LOOP:
Repeat times       n         c
      1         1500   21.7463
      2          613   21.7463
      1          206   21.7463
      2          143   21.7463
      1          110   21.7463
      3          407   21.7463
      3          120   21.7463
      1          101   21.7463
      2          287   21.7463
      1          110   21.7463
      1          177   21.7463
      4          167   21.7463
      2          127   21.7463
      2          100   21.7463
      4          887   21.7463
      3          201   21.7463
      2          200   21.7463
      1          190   21.7463
      3          160   21.7463
      1          117   21.7463
      1           88   21.7463
      4          686   21.7463
      3          127   21.7463
      3          118   21.7463
      1          112   21.7463
      3           87   21.7463
      1          559   21.7463
      4           99   21.7463
      2           87   21.7463
      2          460   21.7463
      2          171   21.7463
      3          170   21.7463
      1          144   21.7463
      1          289   21.7463
      1          246   21.7463
      1          202   21.7463
      2          134   21.7463
      1          127   21.7463
      1          120   21.7463
NUMBER OF TIMES THE ALGORITHM SEPANN REPEATS ITS LOOP:
Repeat times       n         c
      1         1600   21.7463
      1          107   21.7463
      4         1493   21.7463
      1          494   21.7463
      1          210   21.7463
      1          156   21.7463
      1          126   21.7463
      1          284   21.7463
      1          244   21.7463
      2          173   21.7463
      1          125   21.7463
      1          119   21.7463
      1          105   21.7463
      3          999   21.7463
      4          129   21.7463
      1          123   21.7463
      2           91   21.7463
      1          870   21.7463
      4          104   21.7463
      1           89   21.7463
      2          766   21.7463
      1          362   21.7463
      2           95   21.7463
      2          267   21.7463
      2          212   21.7463
      1          176   21.7463
      4          147   21.7463
      2          140   21.7463
      2          404   21.7463
      1          403   21.7463
      1          384   21.7463
      5          131   21.7463
      1           98   21.7463
      4          253   21.7463
      2          224   21.7463
      2          213   21.7463
      2          138   21.7463
      2          104   21.7463
      6           98   21.7463
      1           93   21.7463
      1           88   21.7463
NUMBER OF TIMES THE ALGORITHM SEPANN REPEATS ITS LOOP:
Repeat times       n         c
      1         1700   21.7463
      1          754   21.7463
      4          367   21.7463
      2          350   21.7463
      2          325   21.7463
      2          269   21.7463
      1          100   21.7463
      1          169   21.7463
      1           92   21.7463
      6          387   21.7463
      4          325   21.7463
      1          278   21.7463
      4          227   21.7463
      2          177   21.7463
      1          126   21.7463
      3          119   21.7463
      2          113   21.7463
      4           90   21.7463
      1          946   21.7463
      2          308   21.7463
      1          237   21.7463
      3          200   21.7463
      1          155   21.7463
      2          638   21.7463
      2          582   21.7463
      1          223   21.7463
      3          212   21.7463
      2          187   21.7463
      1          143   21.7463
      1          114   21.7463
      5           89   21.7463
      1          359   21.7463
      1          275   21.7463
      1          253   21.7463
      3          123   21.7463
      2           87   21.7463
      2          130   21.7463
      3          112   21.7463
NUMBER OF TIMES THE ALGORITHM SEPANN REPEATS ITS LOOP:
Repeat times       n         c
      4         1800   21.7463
      3          120   21.7463
      1          114   21.7463
      1         1680   21.7463
      2          639   21.7463
      2          276   21.7463
      1           91   21.7463
      1          185   21.7463
      1          135   21.7463
      1          363   21.7463
      1           98   21.7463
      4          265   21.7463
      1          131   21.7463
      3          130   21.7463
      2          134   21.7463
      1          123   21.7463
      1         1041   21.7463
      2          436   21.7463
      3          194   21.7463
      2          167   21.7463
      4          117   21.7463
      5          242   21.7463
      2          220   21.7463
      1          209   21.7463
      1          164   21.7463
      1          116   21.7463
      1           93   21.7463
      1          605   21.7463
      2          285   21.7463
      1          207   21.7463
      1          181   21.7463
      4          172   21.7463
      1          159   21.7463
      1          151   21.7463
      5          129   21.7463
      1          320   21.7463
      2          284   21.7463
      2          259   21.7463
      1          185   21.7463
      2          115   21.7463
      1           88   21.7463
NUMBER OF TIMES THE ALGORITHM SEPANN REPEATS ITS LOOP:
Repeat times       n         c
      2         1900   21.7463
      1          724   21.7463
      3          690   21.7463
      2          211   21.7463
      3          152   21.7463
      1          479   21.7463
      1          439   21.7463
      2           98   21.7463
      1          341   21.7463
      2          158   21.7463
      3          133   21.7463
      1          126   21.7463
      3          183   21.7463
      1          174   21.7463
      1          102   21.7463
      1         1176   21.7463
      2          508   21.7463
      1          135   21.7463
      1          118   21.7463
      3           93   21.7463
      1           87   21.7463
      3          373   21.7463
      2          372   21.7463
      1          181   21.7463
      3          130   21.7463
      3          191   21.7463
      2          107   21.7463
      1          668   21.7463
      2          604   21.7463
      4          120   21.7463
      2          111   21.7463
      2          100   21.7463
      3           99   21.7463
      1           94   21.7463
      2          484   21.7463
      2          461   21.7463
      1          388   21.7463
      2          352   21.7463
      4          284   21.7463
      2          106   21.7463
      3          178   21.7463
      2          111   21.7463
NUMBER OF TIMES THE ALGORITHM SEPANN REPEATS ITS LOOP:
Repeat times       n         c
      1         2000   21.7463
      4          863   21.7463
      3          422   21.7463
      1          382   21.7463
      1          105   21.7463
      4          277   21.7463
      2          125   21.7463
      1          152   21.7463
      2          127   21.7463
      1          114   21.7463
      5           93   21.7463
      1          441   21.7463
      1          158   21.7463
      3          119   21.7463
      1          283   21.7463
      1          131   21.7463
      1          152   21.7463
      4          143   21.7463
      1          122   21.7463
      1          104   21.7463
      4         1137   21.7463
      1          449   21.7463
      2          185   21.7463
      1          131   21.7463
      1          124   21.7463
      3          118   21.7463
      2          107   21.7463
      3          264   21.7463
      1          251   21.7463
      3          220   21.7463
      1           96   21.7463
      1           91   21.7463
      4          124   21.7463
      2           96   21.7463
      1          688   21.7463
      2          167   21.7463
      3          129   21.7463
      2          521   21.7463
      8          111   21.7463
      2          110   21.7463
      2          410   21.7463
      1          340   21.7463
      1          109   21.7463
      1          103   21.7463
      1           91   21.7463
      1          231   21.7463
      3           94   21.7463
      1          137   21.7463
      1          111   21.7463
NUMBER OF TIMES THE ALGORITHM SEPANN REPEATS ITS LOOP:
Repeat times       n         c
      1         2100   21.7463
      2          177   21.7463
      1          118   21.7463
      1           91   21.7463
      2         1923   21.7463
      1          707   21.7463
      1          181   21.7463
      4          164   21.7463
      1          126   21.7463
      2          526   21.7463
      2          470   21.7463
      3          448   21.7463
      1          211   21.7463
      1          210   21.7463
      1          171   21.7463
      2          157   21.7463
      1          135   21.7463
      3          101   21.7463
      2          100   21.7463
      1          237   21.7463
      2           88   21.7463
      1          149   21.7463
      2          142   21.7463
      4           90   21.7463
      1         1216   21.7463
      1          387   21.7463
      1           96   21.7463
      7           91   21.7463
      2          291   21.7463
      1          272   21.7463
      1          225   21.7463
      3           93   21.7463
      1          132   21.7463
      1          829   21.7463
      1          318   21.7463
      1          246   21.7463
      1          225   21.7463
      3          214   21.7463
      3          156   21.7463
      1          116   21.7463
      1          108   21.7463
      1          511   21.7463
      1          141   21.7463
      3          102   21.7463
      1           92   21.7463
      1           87   21.7463
      1          370   21.7463
      1          336   21.7463
      1          111   21.7463
      1          225   21.7463
      2          208   21.7463
      2          145   21.7463
NUMBER OF TIMES THE ALGORITHM SEPANN REPEATS ITS LOOP:
Repeat times       n         c
      2         2200   21.7463
      1          102   21.7463
      3         2098   21.7463
      2          427   21.7463
      1          125   21.7463
      1          302   21.7463
      1          244   21.7463
      2          111   21.7463
      1          104   21.7463
      1          133   21.7463
      1          125   21.7463
      1         1671   21.7463
      2          451   21.7463
      2          156   21.7463
      1          109   21.7463
      4          295   21.7463
      1          108   21.7463
      1           90   21.7463
      1          187   21.7463
      5          157   21.7463
      4           96   21.7463
      6         1220   21.7463
      1         1163   21.7463
      2          509   21.7463
      1          113   21.7463
      1          396   21.7463
      1          176   21.7463
      1          167   21.7463
      1          159   21.7463
      3           98   21.7463
      2          220   21.7463
      1          110   21.7463
      1          110   21.7463
      1          654   21.7463
      4           89   21.7463
      2           88   21.7463
      5          565   21.7463
      1          244   21.7463
      2          171   21.7463
      1          156   21.7463
      3          148   21.7463
      1           88   21.7463
      3          321   21.7463
      1          255   21.7463
      2          110   21.7463
      1          145   21.7463
      1          101   21.7463
      1           96   21.7463
NUMBER OF TIMES THE ALGORITHM SEPANN REPEATS ITS LOOP:
Repeat times       n         c
      2         2300   21.7463
      1          453   21.7463
      4          162   21.7463
      1          105   21.7463
      1          291   21.7463
      9          205   21.7463
      5          134   21.7463
      4         1847   21.7463
      1          532   21.7463
      1          162   21.7463
      1          370   21.7463
      2          284   21.7463
      1          254   21.7463
      1          190   21.7463
      3          150   21.7463
      1          121   21.7463
      2           98   21.7463
      2           93   21.7463
      1         1315   21.7463
      2          272   21.7463
      1          124   21.7463
      2          109   21.7463
      1          148   21.7463
      4           95   21.7463
      3           89   21.7463
      2         1043   21.7463
      2          224   21.7463
      1          111   21.7463
      1          100   21.7463
      2           95   21.7463
      1          113   21.7463
      1          819   21.7463
      1          295   21.7463
      2          230   21.7463
      1          175   21.7463
      2          103   21.7463
      3           94   21.7463
      1          524   21.7463
      1          499   21.7463
      1          476   21.7463
      2          191   21.7463
      1          141   21.7463
      7          134   21.7463
      3          103   21.7463
      2           98   21.7463
      3          285   21.7463
      3          266   21.7463
      2           89   21.7463
      3          177   21.7463
      5          117   21.7463
NUMBER OF TIMES THE ALGORITHM SEPANN REPEATS ITS LOOP:
Repeat times       n         c
      1         2400   21.7463
      3          431   21.7463
      1          115   21.7463
      2          316   21.7463
      4          123   21.7463
      7          193   21.7463
      4          147   21.7463
      3           89   21.7463
      1         1969   21.7463
      2          603   21.7463
      1          198   21.7463
      1           95   21.7463
      5          103   21.7463
      1           92   21.7463
      1          405   21.7463
      1          138   21.7463
      2          130   21.7463
      2           89   21.7463
      2          267   21.7463
      5          243   21.7463
      1          190   21.7463
      1          139   21.7463
      1          101   21.7463
      1           96   21.7463
      3         1366   21.7463
      4          266   21.7463
      1          189   21.7463
      4          180   21.7463
      1           98   21.7463
      1           92   21.7463
      1         1100   21.7463
      1          262   21.7463
      1          122   21.7463
      3          112   21.7463
      1           94   21.7463
      2          140   21.7463
      4           94   21.7463
      2          838   21.7463
      2          137   21.7463
      1          105   21.7463
      1          104   21.7463
      1           88   21.7463
      3          701   21.7463
      1          668   21.7463
      3          598   21.7463
      3          126   21.7463
      2          110   21.7463
      1           93   21.7463
      1          472   21.7463
      1          398   21.7463
      1          340   21.7463
      1          122   21.7463
      2          108   21.7463
      1          218   21.7463
      1          181   21.7463
      1          145   21.7463
      1           99   21.7463
      3           89   21.7463
NUMBER OF TIMES THE ALGORITHM SEPANN REPEATS ITS LOOP:
Repeat times       n         c
      3         2500   21.7463
      3          236   21.7463
      4           88   21.7463
      1          148   21.7463
      1           90   21.7463
      1         2264   21.7463
      3          711   21.7463
      4          253   21.7463
      1           95   21.7463
      2          158   21.7463
      2          157   21.7463
      2          147   21.7463
      1          110   21.7463
      1           96   21.7463
      1          458   21.7463
      1          211   21.7463
      1          177   21.7463
      2          108   21.7463
      1          247   21.7463
      1          115   21.7463
      1          132   21.7463
      1          113   21.7463
      1          107   21.7463
      1         1553   21.7463
      2          276   21.7463
      3          222   21.7463
      1          211   21.7463
      1          137   21.7463
      2          136   21.7463
      4          135   21.7463
      2          126   21.7463
      1          119   21.7463
      3          109   21.7463
      1         1277   21.7463
      2          358   21.7463
      2          341   21.7463
      3          266   21.7463
      4          182   21.7463
      7          120   21.7463
      2          114   21.7463
      1          101   21.7463
      4          919   21.7463
      8          117   21.7463
      3          802   21.7463
      1          295   21.7463
      2          262   21.7463
      2          180   21.7463
      3          159   21.7463
      2          507   21.7463
      7          127   21.7463
      1          109   21.7463
      4          380   21.7463
      1          344   21.7463
      1          300   21.7463
      2          254   21.7463
      3          236   21.7463
      1          100   21.7463
      2          136   21.7463
NUMBER OF TIMES THE ALGORITHM SEPANN REPEATS ITS LOOP:
Repeat times       n         c
      1         2600   21.7463
      1          332   21.7463
      4          124   21.7463
      2          123   21.7463
      1           94   21.7463
      1          208   21.7463
      2          198   21.7463
      1          197   21.7463
      2          153   21.7463
      1          120   21.7463
      1           92   21.7463
      4         2268   21.7463
      1          326   21.7463
      2          264   21.7463
      1          237   21.7463
      3          152   21.7463
      1          108   21.7463
      1          102   21.7463
      1           97   21.7463
      1         2600   21.7463
      1          400   21.7463
      1          180   21.7463
      2          132   21.7463
      3          220   21.7463
      2          103   21.7463
      2          117   21.7463
      1         2200   21.7463
      3          831   21.7463
      3          362   21.7463
      1          106   21.7463
      2          256   21.7463
      1          172   21.7463
      2          152   21.7463
      1          469   21.7463
      2          135   21.7463
      1           94   21.7463
      1          334   21.7463
      2          313   21.7463
      1          289   21.7463
      2          210   21.7463
      1          127   21.7463
      1         1369   21.7463
      1          150   21.7463
      5          143   21.7463
      2          136   21.7463
      8          135   21.7463
      1          134   21.7463
      1          105   21.7463
      1         1219   21.7463
      2           89   21.7463
      1         1130   21.7463
      3          514   21.7463
      3          490   21.7463
      2           95   21.7463
      1          395   21.7463
      3          113   21.7463
      1          107   21.7463
      1          282   21.7463
      3          242   21.7463
      1          115   21.7463
      4          127   21.7463
      1          616   21.7463
      3          587   21.7463
      2          157   21.7463
      4          156   21.7463
      2           91   21.7463
      4          430   21.7463
      1          211   21.7463
      2           98   21.7463
      1          113   21.7463
      2          219   21.7463
      2          167   21.7463
      2          144   21.7463
      3          108   21.7463
/////////////////////////////////////////////////////////////////////
NUMBER OF TIMES THE ALGORITHM SEPANN REPEATS ITS LOOP:
Repeat times       n         c
      1         2700   21.7463
      1          980   21.7463
      1           94   21.7463
      2           93   21.7463
      1          886   21.7463
      1          845   21.7463
      1          107   21.7463
      2          102   21.7463
      1          738   21.7463
      1          704   21.7463
      3          189   21.7463
      4          180   21.7463
      1          149   21.7463
      1          115   21.7463
      1          102   21.7463
      1          515   21.7463
      1          225   21.7463
      2          193   21.7463
      2          133   21.7463
      2          120   21.7463
      1           94   21.7463
      2          290   21.7463
      1          114   21.7463
      5          176   21.7463
      1           88   21.7463
      1           88   21.7463
      2           87   21.7463
      1         1720   21.7463
      5          321   21.7463
      1          301   21.7463
      1          300   21.7463
      3          299   21.7463
      3          267   21.7463
      4          200   21.7463
      1          190   21.7463
      1           89   21.7463
      1          101   21.7463
      1         1399   21.7463
      1          469   21.7463
      1          124   21.7463
      1          100   21.7463
      1          345   21.7463
      1          329   21.7463
      5          302   21.7463
      4          288   21.7463
      2          274   21.7463
      1          249   21.7463
      1          231   21.7463
      1           92   21.7463
      1          139   21.7463
      3          129   21.7463
      1          930   21.7463
      3          127   21.7463
      1          803   21.7463
      1          752   21.7463
      1          112   21.7463
      1          640   21.7463
      1          197   21.7463
      1          169   21.7463
      1          141   21.7463
      3          113   21.7463
      2          443   21.7463
      1          133   21.7463
      2          120   21.7463
      1          106   21.7463
      3          310   21.7463
      1           91   21.7463
      1          219   21.7463
      2          148   21.7463
NUMBER OF TIMES THE ALGORITHM SEPANN REPEATS ITS LOOP:
Repeat times       n         c
      2         2800   21.7463
      3         1163   21.7463
      1          478   21.7463
      1          438   21.7463
      3          199   21.7463
      1          137   21.7463
      4          125   21.7463
      1          100   21.7463
      1          239   21.7463
      1          161   21.7463
      1          110   21.7463
      1          685   21.7463
      2          653   21.7463
      2          300   21.7463
      2           93   21.7463
      1          207   21.7463
      1           87   21.7463
      1          120   21.7463
      3          108   21.7463
      2          107   21.7463
      2           92   21.7463
      1          353   21.7463
      1          336   21.7463
      1          110   21.7463
      1           95   21.7463
      4           88   21.7463
      1          226   21.7463
      2          170   21.7463
      4          142   21.7463
      4          141   21.7463
      1          121   21.7463
      1           93   21.7463
      1         1637   21.7463
      1          488   21.7463
      1          465   21.7463
      2          384   21.7463
      1          366   21.7463
      2          336   21.7463
      3          277   21.7463
      2          127   21.7463
      1           96   21.7463
      1           95   21.7463
      3          150   21.7463
      1          139   21.7463
      1           91   21.7463
      5         1149   21.7463
      1          311   21.7463
      3          114   21.7463
      1          197   21.7463
      2          147   21.7463
      2          130   21.7463
      2          129   21.7463
      2          838   21.7463
      3          799   21.7463
      4          714   21.7463
      2          121   21.7463
      2           97   21.7463
      2          593   21.7463
      4          245   21.7463
      2          244   21.7463
      2          120   21.7463
      3          124   21.7463
      1           88   21.7463
      3          348   21.7463
      1          271   21.7463
      1          246   21.7463
      1          113   21.7463
      2           91   21.7463
      1           90   21.7463
      1          133   21.7463
      1           95   21.7463
NUMBER OF TIMES THE ALGORITHM SEPANN REPEATS ITS LOOP:
Repeat times       n         c
      1         2900   21.7463
      3         1101   21.7463
      1          105   21.7463
      1          996   21.7463
      1          154   21.7463
      2           91   21.7463
      3          842   21.7463
      3          209   21.7463
      1          152   21.7463
      1          105   21.7463
      1          633   21.7463
      1          146   21.7463
      2          117   21.7463
      2           92   21.7463
      4          487   21.7463
      1          464   21.7463
      1          230   21.7463
      1          206   21.7463
      2          196   21.7463
      1          129   21.7463
      2          234   21.7463
      1          160   21.7463
      1          148   21.7463
      1          141   21.7463
      1          108   21.7463
      1         1799   21.7463
      3          472   21.7463
      4          131   21.7463
      2          107   21.7463
      2           89   21.7463
      2          341   21.7463
      3          111   21.7463
      1           91   21.7463
      3          230   21.7463
      1           97   21.7463
      1          133   21.7463
      2           89   21.7463
      1         1327   21.7463
      2          643   21.7463
      2          182   21.7463
      1          164   21.7463
      1          109   21.7463
      1           91   21.7463
      2          461   21.7463
      2          193   21.7463
      2          181   21.7463
      4          163   21.7463
      1          155   21.7463
      1          108   21.7463
      3          103   21.7463
      1          268   21.7463
      7           95   21.7463
      4          173   21.7463
      1          115   21.7463
      2           93   21.7463
      2          684   21.7463
      8          276   21.7463
      1          252   21.7463
      1          226   21.7463
      3          171   21.7463
      1           96   21.7463
      2          408   21.7463
      3          107   21.7463
      3          301   21.7463
      1          270   21.7463
      1          237   21.7463
      1          181   21.7463
      3          107   21.7463
      7           89   21.7463
NUMBER OF TIMES THE ALGORITHM SEPANN REPEATS ITS LOOP:
Repeat times       n         c
      4         3000   21.7463
      1          598   21.7463
      2          219   21.7463
      2          170   21.7463
      1          112   21.7463
      1          379   21.7463
      1          361   21.7463
      1          118   21.7463
      1          243   21.7463
      3           95   21.7463
      5          148   21.7463
      7         2402   21.7463
      2          807   21.7463
      1          151   21.7463
      1          117   21.7463
      1          656   21.7463
      1          218   21.7463
      2          142   21.7463
      1          135   21.7463
      1          438   21.7463
      2          211   21.7463
      1          150   21.7463
      4          111   21.7463
      2          227   21.7463
      1          171   21.7463
      2          119   21.7463
      1           92   21.7463
      1         1595   21.7463
      1          235   21.7463
      1          181   21.7463
      3          121   21.7463
      1          120   21.7463
      3          106   21.7463
      4         1360   21.7463
      3          316   21.7463
      1          285   21.7463
      2           97   21.7463
      1           91   21.7463
      1          188   21.7463
      2          151   21.7463
      6           94   21.7463
      5         1044   21.7463
      3          166   21.7463
      2           88   21.7463
      2          878   21.7463
      2          837   21.7463
      1          293   21.7463
      1          233   21.7463
      1           89   21.7463
      1          144   21.7463
      2          544   21.7463
      1          165   21.7463
      3          112   21.7463
      1           94   21.7463
      1          379   21.7463
      1          341   21.7463
      2          119   21.7463
      5           91   21.7463
      6          222   21.7463
      3          221   21.7463
      2          195   21.7463
      1          143   21.7463
      1          136   21.7463
      1           97   21.7463
      1           91   21.7463
NUMBER OF TIMES THE ALGORITHM SEPANN REPEATS ITS LOOP:
Repeat times       n         c
      2         3100   21.7463
      3          271   21.7463
      2          102   21.7463
      1          169   21.7463
      5          168   21.7463
      2          159   21.7463
      1           88   21.7463
      1         2829   21.7463
      1          597   21.7463
      3          187   21.7463
      3          126   21.7463
      7          109   21.7463
      2           94   21.7463
      1          410   21.7463
      2          120   21.7463
      2          290   21.7463
      1          129   21.7463
      3          123   21.7463
      4          161   21.7463
      5          129   21.7463
      4          109   21.7463
      1           94   21.7463
      2         2232   21.7463
      1          153   21.7463
      8          131   21.7463
      1         2079   21.7463
      1          658   21.7463
      1          140   21.7463
      1          123   21.7463
      1          518   21.7463
      3          184   21.7463
      1          174   21.7463
      4          101   21.7463
      2           96   21.7463
      2          334   21.7463
      2          160   21.7463
      1          134   21.7463
      2           95   21.7463
      1           94   21.7463
      1          174   21.7463
      1          160   21.7463
      3          104   21.7463
      3         1421   21.7463
      1          329   21.7463
      3          307   21.7463
      1          247   21.7463
      2          199   21.7463
      3          189   21.7463
      2          103   21.7463
      4         1092   21.7463
      3          138   21.7463
      1          954   21.7463
      2          910   21.7463
      3          281   21.7463
      2          260   21.7463
      2           92   21.7463
      1          168   21.7463
      1          629   21.7463
      4          244   21.7463
      2          213   21.7463
      1          198   21.7463
      1          145   21.7463
      2           93   21.7463
      1           88   21.7463
      2          385   21.7463
      1          146   21.7463
      1          239   21.7463
      1          206   21.7463
      1          132   21.7463
      2           99   21.7463
NUMBER OF TIMES THE ALGORITHM SEPANN REPEATS ITS LOOP:
Repeat times       n         c
      1         3200   21.7463
      2          712   21.7463
      1          241   21.7463
      3          206   21.7463
      1          175   21.7463
      4          166   21.7463
      4          130   21.7463
      2           93   21.7463
      1          471   21.7463
      1          449   21.7463
      2          122   21.7463
      1          104   21.7463
      1          327   21.7463
      1          256   21.7463
      2          106   21.7463
      1          150   21.7463
      7          107   21.7463
      2           88   21.7463
      6         2488   21.7463
      2          247   21.7463
      3          235   21.7463
      2          104   21.7463
      2           93   21.7463
      2           88   21.7463
      1          131   21.7463
      1           89   21.7463
      2         2241   21.7463
      2          528   21.7463
      3          498   21.7463
      2          202   21.7463
      3          171   21.7463
      1          134   21.7463
      1           94   21.7463
      1          296   21.7463
      1          237   21.7463
      1          164   21.7463
      1          123   21.7463
      1          113   21.7463
      1           97   21.7463
      1           92   21.7463
      1         1713   21.7463
      1          308   21.7463
      1          154   21.7463
      1          123   21.7463
      3           94   21.7463
      1          154   21.7463
      9           96   21.7463
      2         1405   21.7463
      1         1340   21.7463
      2         1278   21.7463
      2          221   21.7463
      4          196   21.7463
      1          147   21.7463
      2         1057   21.7463
      1          296   21.7463
      1          128   21.7463
      3           89   21.7463
      4           88   21.7463
      3          168   21.7463
      1          111   21.7463
      1          102   21.7463
      3          101   21.7463
      1           96   21.7463
      1           91   21.7463
      2          761   21.7463
      1          378   21.7463
      1          179   21.7463
      2          170   21.7463
      2          162   21.7463
      1          137   21.7463
      1          199   21.7463
      3          118   21.7463
      1          112   21.7463
      1          111   21.7463
      1          383   21.7463
      1          333   21.7463
      3          262   21.7463
      1          206   21.7463
      1          152   21.7463
NUMBER OF TIMES THE ALGORITHM SEPANN REPEATS ITS LOOP:
Repeat times       n         c
      1         3300   21.7463
      5         1035   21.7463
      2          258   21.7463
      2           91   21.7463
      2          167   21.7463
      3          152   21.7463
      1          124   21.7463
      4          101   21.7463
      1           94   21.7463
      3          777   21.7463
      1           98   21.7463
      1          679   21.7463
      1          230   21.7463
      3          202   21.7463
      1          169   21.7463
      1          161   21.7463
      1          100   21.7463
      1           92   21.7463
      1           91   21.7463
      3          449   21.7463
      1          209   21.7463
      2          140   21.7463
      2          240   21.7463
      2          193   21.7463
      1          133   21.7463
      1          126   21.7463
      1          125   21.7463
      1          119   21.7463
      1         2265   21.7463
      1          146   21.7463
      1          145   21.7463
      1          114   21.7463
      8         2119   21.7463
      1          751   21.7463
      4          672   21.7463
      1          216   21.7463
      3          206   21.7463
      2          196   21.7463
      2          120   21.7463
      1           90   21.7463
      1          456   21.7463
      1          397   21.7463
      1          378   21.7463
      2          117   21.7463
      2          111   21.7463
      2          105   21.7463
      2          261   21.7463
      2          200   21.7463
      4          190   21.7463
      5          171   21.7463
      4          135   21.7463
      5          113   21.7463
      5         1368   21.7463
      1          501   21.7463
      3          464   21.7463
      1          217   21.7463
      1          163   21.7463
      2          155   21.7463
      5          154   21.7463
      2           98   21.7463
      1           93   21.7463
      2          247   21.7463
      1          221   21.7463
      1          176   21.7463
      1          132   21.7463
      2          114   21.7463
      6          113   21.7463
      3           99   21.7463
      2           87   21.7463
      1          867   21.7463
      3          233   21.7463
      2          183   21.7463
      2          147   21.7463
      3          122   21.7463
      1          634   21.7463
      1          222   21.7463
      1          206   21.7463
      1          131   21.7463
      2          412   21.7463
      2          372   21.7463
      1          354   21.7463
      1          286   21.7463
      1          123   21.7463
      1          163   21.7463
NUMBER OF TIMES THE ALGORITHM SEPANN REPEATS ITS LOOP:
Repeat times       n         c
      1         3400   21.7463
      2         1128   21.7463
      2          349   21.7463
      1          104   21.7463
      1           87   21.7463
      1          245   21.7463
      2          192   21.7463
      2          160   21.7463
      4          110   21.7463
      9          779   21.7463
      2          231   21.7463
      3          212   21.7463
      1          138   21.7463
      1           97   21.7463
      3           92   21.7463
      4           87   21.7463
      1          548   21.7463
      1          263   21.7463
      1          241   21.7463
      2          188   21.7463
      2          139   21.7463
      5          285   21.7463
      1          218   21.7463
      1          207   21.7463
      1          136   21.7463
      4          129   21.7463
      1         2272   21.7463
      4         1018   21.7463
      1          192   21.7463
      2          149   21.7463
      5          112   21.7463
      2           90   21.7463
      1          826   21.7463
      5          784   21.7463
      1          113   21.7463
      2          671   21.7463
      2          183   21.7463
      1          174   21.7463
      1          165   21.7463
      1          131   21.7463
      2          116   21.7463
      1          110   21.7463
      1           96   21.7463
      1          488   21.7463
      1          167   21.7463
      1          111   21.7463
      2          321   21.7463
      1          160   21.7463
      1          115   21.7463
      2          161   21.7463
      2          141   21.7463
      1          105   21.7463
      4          100   21.7463
      2         1254   21.7463
      1          437   21.7463
      2          416   21.7463
      2          103   21.7463
      2          313   21.7463
      1          105   21.7463
      2           94   21.7463
      1          208   21.7463
      1          166   21.7463
      1           92   21.7463
      1          817   21.7463
      1          273   21.7463
      1          201   21.7463
      1          149   21.7463
      1          142   21.7463
      3          141   21.7463
      1          140   21.7463
      2          544   21.7463
      1          518   21.7463
      1          149   21.7463
      1          121   21.7463
      1           97   21.7463
      3           96   21.7463
      1           95   21.7463
      1          369   21.7463
      3          125   21.7463
      1           94   21.7463
      1          244   21.7463
      5          216   21.7463
      1          179   21.7463
      4          101   21.7463
NUMBER OF TIMES THE ALGORITHM SEPANN REPEATS ITS LOOP:
Repeat times       n         c
      1         3500   21.7463
      1         1149   21.7463
      1          499   21.7463
      2          145   21.7463
      2          354   21.7463
      4          120   21.7463
      1          234   21.7463
      4          181   21.7463
      1          131   21.7463
      1          115   21.7463
      1          650   21.7463
      5          620   21.7463
      1          164   21.7463
      3          142   21.7463
      1          132   21.7463
      3          456   21.7463
      1          373   21.7463
      1          110   21.7463
      2          263   21.7463
      2          206   21.7463
      2          196   21.7463
      1          114   21.7463
      1         2351   21.7463
      1          109   21.7463
      2         2242   21.7463
      1          964   21.7463
      1          107   21.7463
      1          857   21.7463
      3          817   21.7463
      1          395   21.7463
      7          104   21.7463
      1           97   21.7463
      1          291   21.7463
      4          209   21.7463
      1           89   21.7463
      1          120   21.7463
      1          114   21.7463
      4          422   21.7463
      2          173   21.7463
      1          143   21.7463
      1          122   21.7463
      2          106   21.7463
      9          249   21.7463
      2          191   21.7463
      1          149   21.7463
      1          115   21.7463
      1          114   21.7463
      1         1278   21.7463
      1          358   21.7463
      3          101   21.7463
      1          257   21.7463
      4          187   21.7463
      1          104   21.7463
      1           98   21.7463
      2           93   21.7463
      1          920   21.7463
      3          850   21.7463
      1          400   21.7463
      4          378   21.7463
      3          317   21.7463
      2          149   21.7463
      1          122   21.7463
      3           99   21.7463
      1           98   21.7463
      1          168   21.7463
      4           94   21.7463
      2          450   21.7463
      1          104   21.7463
      3          346   21.7463
      2          269   21.7463
      3          240   21.7463
      1          204   21.7463
      1          188   21.7463
      5          113   21.7463
      1           93   21.7463
NUMBER OF TIMES THE ALGORITHM SEPANN REPEATS ITS LOOP:
Repeat times       n         c
      6         3600   21.7463
      2         1389   21.7463
      1          157   21.7463
      1          140   21.7463
      3         1232   21.7463
      2          313   21.7463
      1          110   21.7463
      4           96   21.7463
      4          203   21.7463
      1          181   21.7463
      6          180   21.7463
      4           96   21.7463
      1           89   21.7463
      1          919   21.7463
      2          159   21.7463
      1          114   21.7463
      2          760   21.7463
      6          316   21.7463
      3          239   21.7463
      2          178   21.7463
      3           93   21.7463
      1           92   21.7463
      1          444   21.7463
      1          405   21.7463
      3          179   21.7463
      1          160   21.7463
      1          152   21.7463
      2          125   21.7463
      2          104   21.7463
      1           97   21.7463
      3          226   21.7463
      6          189   21.7463
      1          188   21.7463
      1          166   21.7463
      5          111   21.7463
      1           97   21.7463
      1         2211   21.7463
      1          784   21.7463
      1          745   21.7463
      1          318   21.7463
      1           97   21.7463
      2          221   21.7463
      2          103   21.7463
      2           92   21.7463
      1          118   21.7463
      1          427   21.7463
      2          102   21.7463
      1           92   21.7463
      1          325   21.7463
      1          274   21.7463
      1          242   21.7463
      2          115   21.7463
      1          109   21.7463
      2          127   21.7463
      1          113   21.7463
      1         1427   21.7463
      1          285   21.7463
      3          127   21.7463
      3          116   21.7463
      2          110   21.7463
      3          158   21.7463
      1          106   21.7463
      2           93   21.7463
      1         1142   21.7463
      1          542   21.7463
      1          477   21.7463
      5           97   21.7463
      1          380   21.7463
      2          161   21.7463
      5          153   21.7463
      1          129   21.7463
      4          123   21.7463
      1          111   21.7463
      3          219   21.7463
      1          142   21.7463
      2          600   21.7463
      2          548   21.7463
      1          522   21.7463
      1          208   21.7463
      4          189   21.7463
      3          171   21.7463
      1          152   21.7463
      1           90   21.7463
      1          314   21.7463
      5          108   21.7463
      2          103   21.7463
      2          206   21.7463
      1          194   21.7463
      1          165   21.7463
      1          150   21.7463
      2          137   21.7463
      2           87   21.7463
NUMBER OF TIMES THE ALGORITHM SEPANN REPEATS ITS LOOP:
Repeat times       n         c
      1         3700   21.7463
      1         1338   21.7463
      1          392   21.7463
      1          354   21.7463
      6          279   21.7463
      4          243   21.7463
      3          207   21.7463
      2           95   21.7463
      1          112   21.7463
      3           90   21.7463
      2          946   21.7463
      2          186   21.7463
      1          159   21.7463
      1           88   21.7463
      1          760   21.7463
      1          170   21.7463
      1          145   21.7463
      1          117   21.7463
      2          105   21.7463
      3          100   21.7463
      2          590   21.7463
      1          197   21.7463
      2          114   21.7463
      1          393   21.7463
      1          308   21.7463
      4          136   21.7463
      2          112   21.7463
      1          172   21.7463
      3           97   21.7463
      1         2362   21.7463
      1          983   21.7463
      1          289   21.7463
      3          217   21.7463
      1          216   21.7463
      1          136   21.7463
      2          103   21.7463
      4           98   21.7463
      1          694   21.7463
      6          335   21.7463
      1          254   21.7463
      1          242   21.7463
      1          226   21.7463
      1          215   21.7463
      2          167   21.7463
      2           99   21.7463
      5           92   21.7463
      2          359   21.7463
      1          160   21.7463
      1          199   21.7463
      1          145   21.7463
      1          123   21.7463
      1          108   21.7463
      2         1379   21.7463
      1          572   21.7463
      1          540   21.7463
      3          244   21.7463
      1          118   21.7463
      4          112   21.7463
      1          126   21.7463
      3          104   21.7463
      1          296   21.7463
      2          102   21.7463
      1          194   21.7463
      2          172   21.7463
      1          119   21.7463
      4           89   21.7463
      2          807   21.7463
      1          315   21.7463
      1          285   21.7463
      2          265   21.7463
      2          238   21.7463
      2          193   21.7463
      3          183   21.7463
      3          146   21.7463
      3           93   21.7463
      5          492   21.7463
      2          147   21.7463
      2          345   21.7463
      5          329   21.7463
      3          125   21.7463
      1           97   21.7463
      2          204   21.7463
      1          194   21.7463
      1          159   21.7463
NUMBER OF TIMES THE ALGORITHM SEPANN REPEATS ITS LOOP:
Repeat times       n         c
      1         3800   21.7463
      1          752   21.7463
      1          153   21.7463
      1          129   21.7463
      3          103   21.7463
      4          599   21.7463
      1          263   21.7463
      1          215   21.7463
      5          149   21.7463
      2          127   21.7463
      1          336   21.7463
      1          304   21.7463
      1          280   21.7463
      1          106   21.7463
      2          105   21.7463
      1          174   21.7463
      2          165   21.7463
      1          154   21.7463
      1          112   21.7463
      2         3048   21.7463
      1          634   21.7463
      1          235   21.7463
      2          179   21.7463
      1          153   21.7463
      1          145   21.7463
      1           97   21.7463
      1          399   21.7463
      1          147   21.7463
      1          116   21.7463
      2          252   21.7463
      1          170   21.7463
      4          117   21.7463
      1         2414   21.7463
      4          787   21.7463
      4          280   21.7463
      1          139   21.7463
      2          122   21.7463
      1          141   21.7463
      5          110   21.7463
      2           90   21.7463
      1          507   21.7463
      1          228   21.7463
      1           97   21.7463
      1          131   21.7463
      3          279   21.7463
      2          218   21.7463
      4          151   21.7463
      1          100   21.7463
      1         1627   21.7463
      2         1552   21.7463
      1          397   21.7463
      1          124   21.7463
      6          273   21.7463
      6          134   21.7463
      2          139   21.7463
      1          122   21.7463
      2          115   21.7463
      2         1155   21.7463
      1          477   21.7463
      1          194   21.7463
      2          120   21.7463
      1          106   21.7463
      4          100   21.7463
      1          283   21.7463
      3          120   21.7463
      2          111   21.7463
      2          163   21.7463
      2          140   21.7463
      3          678   21.7463
      2          131   21.7463
      1           92   21.7463
      1          547   21.7463
      3          546   21.7463
      2          182   21.7463
      2          120   21.7463
      1          364   21.7463
      2          347   21.7463
      1          282   21.7463
      2          243   21.7463
      3          231   21.7463
      1          220   21.7463
      1          110   21.7463
      4          103   21.7463
      2          102   21.7463
      2           97   21.7463
      1          110   21.7463
NUMBER OF TIMES THE ALGORITHM SEPANN REPEATS ITS LOOP:
Repeat times       n         c
      2         3900   21.7463
      1         1733   21.7463
      1          473   21.7463
      1           92   21.7463
      3           91   21.7463
      1          381   21.7463
      1          142   21.7463
      1          102   21.7463
      2          239   21.7463
      1          206   21.7463
      2          103   21.7463
      4          103   21.7463
      1           98   21.7463
      3         1260   21.7463
      1           97   21.7463
      1         1163   21.7463
      2          103   21.7463
      1           94   21.7463
      1         1060   21.7463
      4          505   21.7463
      2          235   21.7463
      1          100   21.7463
      1          135   21.7463
      1          270   21.7463
      1          225   21.7463
      3          153   21.7463
      2          555   21.7463
      2          469   21.7463
      5          171   21.7463
      3          147   21.7463
      3          298   21.7463
      1          235   21.7463
      1          117   21.7463
      1           91   21.7463
      3          118   21.7463
      4           92   21.7463
      2         2167   21.7463
      1          154   21.7463
      1         2013   21.7463
      1          327   21.7463
      1          284   21.7463
      1           98   21.7463
      1           93   21.7463
      1           88   21.7463
      1          186   21.7463
      1          146   21.7463
      2          134   21.7463
      1         1686   21.7463
      3          349   21.7463
      1          172   21.7463
      2          113   21.7463
      4          101   21.7463
      1           91   21.7463
      2          177   21.7463
      1          147   21.7463
      1          131   21.7463
      3           92   21.7463
      3         1337   21.7463
      2          368   21.7463
      1           99   21.7463
      8          269   21.7463
      1           88   21.7463
      3          181   21.7463
      2          156   21.7463
      2          148   21.7463
      1          141   21.7463
      1           88   21.7463
      1          969   21.7463
      2          170   21.7463
      1          107   21.7463
      1          799   21.7463
     11          201   21.7463
      2          128   21.7463
      1          598   21.7463
      1          189   21.7463
      1          180   21.7463
      2          165   21.7463
      3          104   21.7463
      1           87   21.7463
      1          409   21.7463
      1          200   21.7463
      1          147   21.7463
      1          130   21.7463
      1           92   21.7463
      2          209   21.7463
      2          130   21.7463
NUMBER OF TIMES THE ALGORITHM SEPANN REPEATS ITS LOOP:
Repeat times       n         c
      2         4000   21.7463
      1         1499   21.7463
      2          489   21.7463
      1          105   21.7463
      1           87   21.7463
      3          384   21.7463
      1          323   21.7463
      1          266   21.7463
      1          122   21.7463
      1           90   21.7463
      1          144   21.7463
      4          121   21.7463
      2         1010   21.7463
      2          192   21.7463
      1          174   21.7463
      6          134   21.7463
      5          818   21.7463
      5          317   21.7463
      1          301   21.7463
      1          134   21.7463
      2          167   21.7463
      2          501   21.7463
      1          216   21.7463
      1          101   21.7463
      6           92   21.7463
      1          115   21.7463
      1          285   21.7463
      3          213   21.7463
      3          150   21.7463
      1         2501   21.7463
      1          878   21.7463
      5          396   21.7463
      5          377   21.7463
      7          291   21.7463
      1          277   21.7463
      1          225   21.7463
      1          189   21.7463
      4          135   21.7463
      1          101   21.7463
      1          482   21.7463
      1          437   21.7463
      1          215   21.7463
      1          151   21.7463
      1          122   21.7463
      2          222   21.7463
      1          210   21.7463
      1          171   21.7463
      1           96   21.7463
      3         1623   21.7463
      3          288   21.7463
      3          133   21.7463
      3          109   21.7463
      1          155   21.7463
      1          147   21.7463
      3         1335   21.7463
      2         1254   21.7463
      1          434   21.7463
      1          212   21.7463
      2          130   21.7463
      2          124   21.7463
      1           93   21.7463
      4           88   21.7463
      2          222   21.7463
      2          198   21.7463
      3           90   21.7463
      6          108   21.7463
      2           97   21.7463
      1           96   21.7463
      1           95   21.7463
      1          820   21.7463
      2          741   21.7463
      2          677   21.7463
      1          645   21.7463
      1          600   21.7463
      1          551   21.7463
      5          214   21.7463
      2           87   21.7463
      2          127   21.7463
      8          120   21.7463
      1          119   21.7463
      1          109   21.7463
      1           97   21.7463
      1          337   21.7463
      1           89   21.7463
      2          248   21.7463
      1          189   21.7463
      1          161   21.7463
      4          153   21.7463
      1           96   21.7463
NUMBER OF TIMES THE ALGORITHM SEPANN REPEATS ITS LOOP:
Repeat times       n         c
      2         4100   21.7463
      3          354   21.7463
      2          111   21.7463
      3          243   21.7463
      3           88   21.7463
      8           87   21.7463
      3          155   21.7463
      1          103   21.7463
      1         3746   21.7463
      1         1696   21.7463
      2          496   21.7463
      4          179   21.7463
      1          169   21.7463
      1          133   21.7463
      2          132   21.7463
      2          109   21.7463
      1          317   21.7463
      1          252   21.7463
      1          104   21.7463
      3          148   21.7463
      3          103   21.7463
      1           98   21.7463
      3         1200   21.7463
      1          548   21.7463
      3          493   21.7463
      2          147   21.7463
      1          346   21.7463
      2          263   21.7463
      3          103   21.7463
      1          160   21.7463
      2          134   21.7463
      1          116   21.7463
      1          652   21.7463
      4          108   21.7463
      1          544   21.7463
      3          103   21.7463
      1          441   21.7463
      4          386   21.7463
      1          176   21.7463
      1          116   21.7463
      1          110   21.7463
      1           96   21.7463
      4          210   21.7463
      3          124   21.7463
      1          118   21.7463
      8           96   21.7463
      1         2050   21.7463
      1          663   21.7463
      2          310   21.7463
      2          281   21.7463
      2          227   21.7463
      5          211   21.7463
      2          129   21.7463
      4          353   21.7463
      5          303   21.7463
      3          252   21.7463
      2          107   21.7463
      1          145   21.7463
      1           90   21.7463
      4         1387   21.7463
      1          649   21.7463
      1          619   21.7463
      1          271   21.7463
      1          108   21.7463
      1          163   21.7463
      1          125   21.7463
      3           95   21.7463
      2           94   21.7463
      1          348   21.7463
      1          120   21.7463
      1          228   21.7463
      4          143   21.7463
      2          102   21.7463
      2          738   21.7463
      1          219   21.7463
      1          182   21.7463
      1          158   21.7463
      2          134   21.7463
      1          519   21.7463
      2          144   21.7463
      1          115   21.7463
      3          102   21.7463
      7          375   21.7463
      1          129   21.7463
      2          120   21.7463
      1          246   21.7463
      2          225   21.7463
      2          140   21.7463
      1          116   21.7463
NUMBER OF TIMES THE ALGORITHM SEPANN REPEATS ITS LOOP:
Repeat times       n         c
      1         4200   21.7463
      1          985   21.7463
      1          260   21.7463
      2          248   21.7463
      1          218   21.7463
      1          142   21.7463
      1          108   21.7463
      2          725   21.7463
      3          137   21.7463
      3          121   21.7463
      1          115   21.7463
      1          588   21.7463
      5          560   21.7463
      2          112   21.7463
      3          448   21.7463
      1          182   21.7463
      1          141   21.7463
      1          106   21.7463
      1           87   21.7463
      1          266   21.7463
      1          218   21.7463
      1           93   21.7463
      1          125   21.7463
      3          108   21.7463
      1         3215   21.7463
      2         1230   21.7463
      1          561   21.7463
      1          183   21.7463
      1          182   21.7463
      1          160   21.7463
      2          115   21.7463
      2          109   21.7463
      3          103   21.7463
      1           95   21.7463
      2           90   21.7463
      5          378   21.7463
      1          136   21.7463
      2          242   21.7463
      1          174   21.7463
      1          164   21.7463
      1          142   21.7463
      2          128   21.7463
      1          109   21.7463
      2          103   21.7463
      1           98   21.7463
      1           93   21.7463
      2           92   21.7463
      2           87   21.7463
      3          669   21.7463
      2          163   21.7463
      1           98   21.7463
      1          506   21.7463
      1          110   21.7463
      1          396   21.7463
      1          315   21.7463
      1          300   21.7463
      1          216   21.7463
      1          215   21.7463
      1          130   21.7463
      1          105   21.7463
      3          100   21.7463
      2         1985   21.7463
      2          342   21.7463
      1          326   21.7463
      1          267   21.7463
      1          125   21.7463
      2          142   21.7463
      3         1643   21.7463
      1          205   21.7463
      2          102   21.7463
      4          103   21.7463
      1         1438   21.7463
      1          253   21.7463
      2          120   21.7463
      1          133   21.7463
      2          125   21.7463
      5           99   21.7463
     10           87   21.7463
      1         1185   21.7463
      1          262   21.7463
      3          115   21.7463
      1          147   21.7463
      1           98   21.7463
      1          923   21.7463
      1          880   21.7463
      3           92   21.7463
      1          788   21.7463
      5          360   21.7463
      1          329   21.7463
      1          133   21.7463
      1          111   21.7463
      1          196   21.7463
      1          122   21.7463
      4          428   21.7463
      1          342   21.7463
      2          260   21.7463
      2           90   21.7463
      1          170   21.7463
      2          105   21.7463
NUMBER OF TIMES THE ALGORITHM SEPANN REPEATS ITS LOOP:
Repeat times       n         c
      1         4300   21.7463
      1         1692   21.7463
      1          634   21.7463
      3          313   21.7463
      2          153   21.7463
      3          113   21.7463
      6          160   21.7463
      1          120   21.7463
      1          114   21.7463
      1          101   21.7463
      5          321   21.7463
      3          290   21.7463
      2          204   21.7463
      6          194   21.7463
      1          185   21.7463
      1          174   21.7463
      1          127   21.7463
      5          120   21.7463
      2          105   21.7463
      1         1058   21.7463
      3          276   21.7463
      1          208   21.7463
      1          150   21.7463
      1          125   21.7463
      1          119   21.7463
      3           94   21.7463
      1          782   21.7463
      1          111   21.7463
      3           93   21.7463
      1          671   21.7463
      2          237   21.7463
      1           87   21.7463
      1          150   21.7463
      3          434   21.7463
      3          167   21.7463
      4          126   21.7463
      1          267   21.7463
      1          187   21.7463
      3          104   21.7463
      2         2608   21.7463
      1          634   21.7463
      1          600   21.7463
      2          284   21.7463
      2          130   21.7463
      1          154   21.7463
      1          129   21.7463
      1          316   21.7463
      1          233   21.7463
      1          169   21.7463
      1          130   21.7463
      1          123   21.7463
      3         1974   21.7463
      1          746   21.7463
      1          349   21.7463
      1          154   21.7463
      1          138   21.7463
      5          195   21.7463
      4          182   21.7463
      1          112   21.7463
      1          397   21.7463
      2          361   21.7463
      1          143   21.7463
      4          142   21.7463
      1           90   21.7463
      3          218   21.7463
      3          140   21.7463
      1         1228   21.7463
      1          547   21.7463
      2          196   21.7463
      1          184   21.7463
      3          133   21.7463
      1          119   21.7463
      2          351   21.7463
      1           89   21.7463
      1          262   21.7463
      1          223   21.7463
      1          202   21.7463
      3          125   21.7463
      1          111   21.7463
      1          101   21.7463
      1          681   21.7463
      2          102   21.7463
      3           97   21.7463
      4          579   21.7463
      2          552   21.7463
      3          114   21.7463
      1           93   21.7463
      1          438   21.7463
      2          417   21.7463
      1          100   21.7463
      1          317   21.7463
      1          115   21.7463
      4          202   21.7463
      2          185   21.7463
      3          112   21.7463
      1          106   21.7463
      3           92   21.7463
NUMBER OF TIMES THE ALGORITHM SEPANN REPEATS ITS LOOP:
Repeat times       n         c
      3         4400   21.7463
      4         1898   21.7463
      1           94   21.7463
      3           89   21.7463
      1         1804   21.7463
      5          301   21.7463
      5          146   21.7463
      2           90   21.7463
      2          155   21.7463
      1          144   21.7463
      1           97   21.7463
      1         1503   21.7463
      1         1432   21.7463
      1          376   21.7463
      8          348   21.7463
      3          319   21.7463
      1          103   21.7463
      1          216   21.7463
      7          135   21.7463
      3          100   21.7463
      3           95   21.7463
      2         1056   21.7463
      3          123   21.7463
      2          933   21.7463
      1          432   21.7463
      1          175   21.7463
      1          133   21.7463
      2          124   21.7463
      2          110   21.7463
      2          257   21.7463
      4          222   21.7463
      2          183   21.7463
      2          174   21.7463
      1          116   21.7463
      2          501   21.7463
      4          166   21.7463
      2          147   21.7463
      3           94   21.7463
      4          335   21.7463
      3          307   21.7463
      1          264   21.7463
      1          230   21.7463
      1          147   21.7463
      3           99   21.7463
      2         2502   21.7463
      1          148   21.7463
      1          103   21.7463
      1           98   21.7463
      1           97   21.7463
      2         2354   21.7463
      1          266   21.7463
      1          253   21.7463
      1          105   21.7463
      1          100   21.7463
      1           87   21.7463
      1          148   21.7463
      1          129   21.7463
      1         2088   21.7463
      1           97   21.7463
      3         1991   21.7463
      5          300   21.7463
      3          228   21.7463
      3          208   21.7463
      1          103   21.7463
      1          105   21.7463
      2         1691   21.7463
      2          526   21.7463
      2          231   21.7463
      2          148   21.7463
      1          141   21.7463
      1           98   21.7463
      1           97   21.7463
      1          295   21.7463
      4          227   21.7463
      4          178   21.7463
      2          169   21.7463
      1          112   21.7463
      1         1165   21.7463
      1          268   21.7463
      4          238   21.7463
      1          182   21.7463
      2          155   21.7463
      2          130   21.7463
      1           87   21.7463
      2          897   21.7463
      1          349   21.7463
      3          293   21.7463
      3          214   21.7463
      1          204   21.7463
      4          180   21.7463
      1           96   21.7463
      6           91   21.7463
      2          548   21.7463
      1          472   21.7463
      1          471   21.7463
      2           88   21.7463
      1          383   21.7463
      3          326   21.7463
      1          304   21.7463
      3          148   21.7463
      3          100   21.7463
      2          156   21.7463
      1           97   21.7463
NUMBER OF TIMES THE ALGORITHM SEPANN REPEATS ITS LOOP:
Repeat times       n         c
      3         4500   21.7463
      2          361   21.7463
      1          303   21.7463
      2          107   21.7463
      2           98   21.7463
      1          196   21.7463
      1          131   21.7463
      2         4139   21.7463
      2         1167   21.7463
      4         1113   21.7463
      2         1061   21.7463
      3         1012   21.7463
      1          378   21.7463
      1          358   21.7463
      1          302   21.7463
      1          217   21.7463
      1          168   21.7463
      2          147   21.7463
      1          129   21.7463
      1          634   21.7463
      2          578   21.7463
      1          493   21.7463
      3          189   21.7463
      3          164   21.7463
      1          137   21.7463
      2          304   21.7463
      1          233   21.7463
      3           87   21.7463
      1          146   21.7463
      3          110   21.7463
      3         2972   21.7463
      3         1260   21.7463
      1          250   21.7463
      1          222   21.7463
      1          141   21.7463
      1           89   21.7463
      2         1010   21.7463
      1          160   21.7463
      1          100   21.7463
      2           95   21.7463
      3          850   21.7463
      1          122   21.7463
      2           92   21.7463
      2          728   21.7463
      1          270   21.7463
      2          112   21.7463
      1          111   21.7463
      1          158   21.7463
      2          121   21.7463
      2          458   21.7463
      1          436   21.7463
      2          375   21.7463
      1          183   21.7463
      1          158   21.7463
      1          150   21.7463
      1           97   21.7463
      1           96   21.7463
      3           95   21.7463
      1          192   21.7463
      1          183   21.7463
      1          118   21.7463
      2          112   21.7463
      3         1712   21.7463
      1          420   21.7463
      4          419   21.7463
      4          157   21.7463
      1          149   21.7463
      1           93   21.7463
      1          262   21.7463
      1          236   21.7463
      2          172   21.7463
      1          151   21.7463
      2         1292   21.7463
      1          130   21.7463
      2          124   21.7463
      1         1162   21.7463
      1          428   21.7463
      1          213   21.7463
      1          186   21.7463
      3          122   21.7463
      1          107   21.7463
      3           93   21.7463
      1          215   21.7463
      2          169   21.7463
      1           92   21.7463
      3          734   21.7463
      2          286   21.7463
      1          132   21.7463
      7           99   21.7463
      3          154   21.7463
      2          143   21.7463
      3          107   21.7463
      4          448   21.7463
      2          199   21.7463
      1          115   21.7463
      1          109   21.7463
      2          103   21.7463
      2          249   21.7463
      5          226   21.7463
      1          102   21.7463
      2          124   21.7463
      3          100   21.7463
NUMBER OF TIMES THE ALGORITHM SEPANN REPEATS ITS LOOP:
Repeat times       n         c
      2         4600   21.7463
      3          833   21.7463
      1          758   21.7463
      4          715   21.7463
      2          652   21.7463
      3          622   21.7463
      1          287   21.7463
      3          273   21.7463
      1          109   21.7463
      1          164   21.7463
      4          135   21.7463
      2          101   21.7463
      1          335   21.7463
      2          267   21.7463
      1          204   21.7463
      1           87   21.7463
      2          117   21.7463
      1          105   21.7463
      6           97   21.7463
      3         3767   21.7463
      1          320   21.7463
      1          159   21.7463
      1           89   21.7463
      5          161   21.7463
      1           96   21.7463
      1           89   21.7463
      6         3447   21.7463
      3          548   21.7463
      1          492   21.7463
      1          241   21.7463
      1          180   21.7463
      2           94   21.7463
      2          251   21.7463
      1          224   21.7463
      2          151   21.7463
      3           88   21.7463
      1         2899   21.7463
      1          954   21.7463
      5          910   21.7463
      1          868   21.7463
      2          382   21.7463
      1          364   21.7463
      1          104   21.7463
      2          260   21.7463
      1          201   21.7463
      1          147   21.7463
      3          130   21.7463
      1          102   21.7463
      4          101   21.7463
      1           94   21.7463
      2          486   21.7463
      5          433   21.7463
      1          103   21.7463
      1           90   21.7463
      1          330   21.7463
      1          285   21.7463
      1          110   21.7463
      1          104   21.7463
      1          175   21.7463
      1          156   21.7463
      1         1945   21.7463
      1          607   21.7463
      1          238   21.7463
      1          153   21.7463
      1          111   21.7463
      3          369   21.7463
      1          344   21.7463
      1           87   21.7463
      1          257   21.7463
      1           97   21.7463
      3          160   21.7463
      1          115   21.7463
      2         1338   21.7463
      1         1261   21.7463
      1          308   21.7463
      1          293   21.7463
      1          109   21.7463
      2          103   21.7463
      2           92   21.7463
      3           87   21.7463
      2          184   21.7463
      3          129   21.7463
      3          106   21.7463
      2           96   21.7463
      1          953   21.7463
      2          276   21.7463
      1          231   21.7463
      1          189   21.7463
      1          172   21.7463
      1           91   21.7463
      1          677   21.7463
      1          154   21.7463
      2          523   21.7463
      3          498   21.7463
      1          236   21.7463
      1          212   21.7463
      1          169   21.7463
      4          143   21.7463
      2           89   21.7463
      1          262   21.7463
      4          122   21.7463
      1          140   21.7463
      1          117   21.7463
      2          111   21.7463
NUMBER OF TIMES THE ALGORITHM SEPANN REPEATS ITS LOOP:
Repeat times       n         c
      1         4700   21.7463
      1         1430   21.7463
      1          496   21.7463
      1          228   21.7463
      1          172   21.7463
      1          154   21.7463
      1           94   21.7463
      2          268   21.7463
      1          255   21.7463
      2           87   21.7463
      1          168   21.7463
      1          160   21.7463
      3          111   21.7463
      2          934   21.7463
      2          183   21.7463
      1          130   21.7463
      4           98   21.7463
      1           93   21.7463
      1          751   21.7463
      1          129   21.7463
      1          622   21.7463
      1          309   21.7463
      7          282   21.7463
      1          102   21.7463
      1          180   21.7463
      1          127   21.7463
      1          119   21.7463
      1          113   21.7463
      1          313   21.7463
      1          267   21.7463
      1          266   21.7463
      3          248   21.7463
      3          203   21.7463
      3          145   21.7463
      2           92   21.7463
      1         3270   21.7463
      1          599   21.7463
      1          239   21.7463
      1           93   21.7463
      5          146   21.7463
      2           98   21.7463
      3          360   21.7463
      1          128   21.7463
      1          106   21.7463
      1          232   21.7463
      3          184   21.7463
      6          165   21.7463
      2          155   21.7463
      2          122   21.7463
      1         2671   21.7463
      2          942   21.7463
      4          352   21.7463
      3          335   21.7463
      2          296   21.7463
      1          248   21.7463
      2          183   21.7463
      2          115   21.7463
      1          114   21.7463
      1          590   21.7463
      4          562   21.7463
      3          493   21.7463
      2          129   21.7463
      2          110   21.7463
      5          364   21.7463
      2          320   21.7463
      1          304   21.7463
      2          247   21.7463
      1          200   21.7463
      7          158   21.7463
      2          150   21.7463
      1          110   21.7463
      3          104   21.7463
      1         1729   21.7463
      3          801   21.7463
      2          206   21.7463
      1           90   21.7463
      2          116   21.7463
      2          595   21.7463
      2          558   21.7463
      1          242   21.7463
      2          110   21.7463
      2          132   21.7463
      1          104   21.7463
      2          316   21.7463
      6           94   21.7463
      1          222   21.7463
      1          157   21.7463
      3          126   21.7463
      1           89   21.7463
      3          928   21.7463
      2          268   21.7463
      1          123   21.7463
      1          117   21.7463
      3          145   21.7463
      1           88   21.7463
      2          660   21.7463
      2          171   21.7463
      2           98   21.7463
      1          489   21.7463
      3          200   21.7463
      1          190   21.7463
      1          150   21.7463
      2          105   21.7463
      1          100   21.7463
      2          289   21.7463
      2          272   21.7463
      1          257   21.7463
      2          216   21.7463
      1          205   21.7463
      2          101   21.7463
      1          104   21.7463
NUMBER OF TIMES THE ALGORITHM SEPANN REPEATS ITS LOOP:
Repeat times       n         c
      3         4800   21.7463
      5         2080   21.7463
      1          669   21.7463
      4          232   21.7463
      2          164   21.7463
      1          114   21.7463
      1          108   21.7463
      1           97   21.7463
      3          437   21.7463
      1           98   21.7463
      1          339   21.7463
      1          276   21.7463
      1          263   21.7463
      1           88   21.7463
      7          175   21.7463
      1          100   21.7463
      3         1411   21.7463
      2          156   21.7463
      1          148   21.7463
      2          128   21.7463
      2          120   21.7463
      6           90   21.7463
      3         1255   21.7463
      2          544   21.7463
      1          458   21.7463
      1          191   21.7463
      1          163   21.7463
      1          123   21.7463
      2          117   21.7463
      3          267   21.7463
      1          105   21.7463
      1          162   21.7463
      2          161   21.7463
      2          117   21.7463
      1          116   21.7463
      1          711   21.7463
      2          678   21.7463
      1           89   21.7463
      1          589   21.7463
      2          227   21.7463
      9           97   21.7463
      2          130   21.7463
      1           92   21.7463
      1          362   21.7463
      1          342   21.7463
      4          326   21.7463
      2          294   21.7463
      2          128   21.7463
      1           89   21.7463
      1           88   21.7463
      3          166   21.7463
      1          109   21.7463
      2           88   21.7463
      3         2720   21.7463
      3          770   21.7463
      2          734   21.7463
      1          654   21.7463
      1          276   21.7463
      1          210   21.7463
      1          209   21.7463
      1          144   21.7463
      1          122   21.7463
      5          378   21.7463
      2           95   21.7463
      4           94   21.7463
      1          283   21.7463
      2          241   21.7463
      1          186   21.7463
      1          128   21.7463
      3          114   21.7463
      1          104   21.7463
      1           98   21.7463
      2         1950   21.7463
      3          811   21.7463
      5          726   21.7463
      1          141   21.7463
      2          104   21.7463
      3           99   21.7463
      1          585   21.7463
      2          272   21.7463
      3           88   21.7463
      5          184   21.7463
      1          133   21.7463
      1          103   21.7463
      1           94   21.7463
      2          313   21.7463
      1          275   21.7463
      2          225   21.7463
      2          211   21.7463
      6          167   21.7463
      5          132   21.7463
      3           91   21.7463
      2         1139   21.7463
      1          199   21.7463
      3          189   21.7463
      1          133   21.7463
      2          120   21.7463
      3          112   21.7463
      1          106   21.7463
      3          101   21.7463
      3          940   21.7463
      5          247   21.7463
      3          111   21.7463
      1          136   21.7463
      5          135   21.7463
      2          134   21.7463
      1          127   21.7463
      1          111   21.7463
      1          105   21.7463
      2          693   21.7463
      2          661   21.7463
      4          262   21.7463
      3          220   21.7463
      1          142   21.7463
      1          399   21.7463
      3          380   21.7463
     12          319   21.7463
      1          272   21.7463
      2          241   21.7463
      2          105   21.7463
      1          136   21.7463
      1          118   21.7463
NUMBER OF TIMES THE ALGORITHM SEPANN REPEATS ITS LOOP:
Repeat times       n         c
      1         4900   21.7463
      2         1317   21.7463
      1          460   21.7463
      3          405   21.7463
      1          344   21.7463
      3          328   21.7463
      2          249   21.7463
      1           92   21.7463
      1          157   21.7463
      1          149   21.7463
      3          114   21.7463
      1          857   21.7463
      1          147   21.7463
      1          140   21.7463
      2          130   21.7463
      1          710   21.7463
      1          677   21.7463
      1          608   21.7463
      1          192   21.7463
      2          164   21.7463
      2          109   21.7463
      4          416   21.7463
      1          380   21.7463
      1          329   21.7463
      1          140   21.7463
      1          133   21.7463
      2          189   21.7463
      8          135   21.7463
      2          125   21.7463
      1          115   21.7463
      5          114   21.7463
      2          103   21.7463
      1         3583   21.7463
      4          206   21.7463
      1          145   21.7463
      1           92   21.7463
      1         3377   21.7463
      3          433   21.7463
      2          200   21.7463
      2          143   21.7463
      2          136   21.7463
      2          116   21.7463
      2           94   21.7463
      1           89   21.7463
      1          233   21.7463
      1          174   21.7463
      2          162   21.7463
      4          143   21.7463
      1           99   21.7463
      1         2944   21.7463
      2         1247   21.7463
      1          216   21.7463
      2          193   21.7463
      1          147   21.7463
      2          126   21.7463
      1          107   21.7463
      3         1031   21.7463
      2          169   21.7463
      4          108   21.7463
      1          862   21.7463
      5          100   21.7463
      3           99   21.7463
      3          762   21.7463
      2          293   21.7463
      4          261   21.7463
      3          121   21.7463
      2          100   21.7463
      4          140   21.7463
      2          133   21.7463
      3          126   21.7463
      1          120   21.7463
      1          469   21.7463
      1          180   21.7463
      3          133   21.7463
      2           98   21.7463
      3           92   21.7463
      1           87   21.7463
      2          289   21.7463
      2          267   21.7463
      1          266   21.7463
      1          225   21.7463
      3          179   21.7463
      1          147   21.7463
      2          131   21.7463
      1           94   21.7463
      2         1697   21.7463
      1          178   21.7463
      3          160   21.7463
      3          108   21.7463
      2         1519   21.7463
      1          512   21.7463
      2          101   21.7463
      1          100   21.7463
      1          411   21.7463
      1          392   21.7463
      5          373   21.7463
      1           90   21.7463
      2          283   21.7463
      2          213   21.7463
      1          175   21.7463
      1           99   21.7463
      2         1007   21.7463
      1          387   21.7463
      1          369   21.7463
      2          350   21.7463
      2          133   21.7463
      1          217   21.7463
      1          138   21.7463
      3          620   21.7463
      2          619   21.7463
      5          140   21.7463
      1          479   21.7463
      1          456   21.7463
      1          112   21.7463
      1          344   21.7463
      2          325   21.7463
      1           93   21.7463
      3           88   21.7463
      1          232   21.7463
      5          179   21.7463
      1          169   21.7463
      5          149   21.7463
      2           92   21.7463
      2           91   21.7463

