NUMBER OF TIMES THE ALGORITHM SEPANN REPEATS ITS LOOP:
Repeat times    n         c
      1       300000   1623.47
      1       299815   1623.47
      1       299630   1623.47
      1       299445   1623.47
      1       299260   1623.47
      1       299075   1623.47
      1       298890   1623.47
      1       298705   1623.47
      1       298521   1623.47
      1       298337   1623.47
      1       298153   1623.47
      1       297969   1623.47
      1       297785   1623.47
      1       297601   1623.47
      1       297417   1623.47
      1       297233   1623.47
      1       297049   1623.47
      1       296866   1623.47
      1       296683   1623.47
      1       296500   1623.47
      1       296317   1623.47
      1       296134   1623.47
      1       295951   1623.47
      1       295768   1623.47
      1       295585   1623.47
      1       295402   1623.47
      1       295220   1623.47
      1       295038   1623.47
      1       294856   1623.47
      1       294674   1623.47
      1       294492   1623.47
      1       294310   1623.47
      1       294128   1623.47
      1       293946   1623.47
      1       293764   1623.47
      1       293583   1623.47
      1       293402   1623.47
      1       293221   1623.47
      1       293040   1623.47
      1       292859   1623.47
      1       292678   1623.47
      1       292497   1623.47
      1       292316   1623.47
      1       292135   1623.47
      1       291955   1623.47
      1       291775   1623.47
      1       291595   1623.47
      1       291415   1623.47
      1       291235   1623.47
      1       291055   1623.47
      1       290875   1623.47
      1       290695   1623.47
      1       290515   1623.47
      1       290336   1623.47
      1       290157   1623.47
      1       289978   1623.47
      1       289799   1623.47
      1       289620   1623.47
      1       289441   1623.47
      1       289262   1623.47
      1       289083   1623.47
      1       288904   1623.47
      1       288726   1623.47
      1       288548   1623.47
      1       288370   1623.47
      1       288192   1623.47
      1       288014   1623.47
      1       287836   1623.47
      1       287658   1623.47
      1       287480   1623.47
      1       287302   1623.47
      1       287125   1623.47
      1       286948   1623.47
      1       286771   1623.47
      1       286594   1623.47
      1       286417   1623.47
      1       286240   1623.47
      1       286063   1623.47
      1       285886   1623.47
      1       285709   1623.47
      1       285533   1623.47
      1       285357   1623.47
      1       285181   1623.47
      1       285005   1623.47
      1       284829   1623.47
      1       284653   1623.47
      1       284477   1623.47
      1       284301   1623.47
      1       284125   1623.47
      1       283949   1623.47
      1       283774   1623.47
      1       283599   1623.47
      1       283424   1623.47
      1       283249   1623.47
      1       283074   1623.47
      1       282899   1623.47
      1       282724   1623.47
      1       282549   1623.47
      1       282374   1623.47
      1       282200   1623.47
      1       282026   1623.47
      1       281852   1623.47
      1       281678   1623.47
      1       281504   1623.47
      1       281330   1623.47
      1       281156   1623.47
      1       280982   1623.47
      1       280808   1623.47
      1       280635   1623.47
      1       280462   1623.47
      1       280289   1623.47
      1       280116   1623.47
      1       279943   1623.47
      1       279770   1623.47
      1       279597   1623.47
      1       279424   1623.47
      1       279251   1623.47
      1       279078   1623.47
      1       278906   1623.47
      1       278734   1623.47
      1       278562   1623.47
      1       278390   1623.47
      1       278218   1623.47
      1       278046   1623.47
      1       277874   1623.47
      1       277702   1623.47
      1       277530   1623.47
      1       277359   1623.47
      1       277188   1623.47
      1       277017   1623.47
      1       276846   1623.47
      1       276675   1623.47
      1       276504   1623.47
      1       276333   1623.47
      1       276162   1623.47
      1       275991   1623.47
      1       275820   1623.47
      1       275650   1623.47
      1       275480   1623.47
      1       275310   1623.47
      1       275140   1623.47
      1       274970   1623.47
      1       274800   1623.47
      1       274630   1623.47
      1       274460   1623.47
      1       274290   1623.47
      1       274121   1623.47
      1       273952   1623.47
      1       273783   1623.47
      1       273614   1623.47
      1       273445   1623.47
      1       273276   1623.47
      1       273107   1623.47
      1       272938   1623.47
      1       272769   1623.47
      1       272600   1623.47
      1       272432   1623.47
      1       272264   1623.47
      1       272096   1623.47
      1       271928   1623.47
      1       271760   1623.47
      1       271592   1623.47
      1       271424   1623.47
      1       271256   1623.47
      1       271088   1623.47
      1       270921   1623.47
      1       270754   1623.47
      1       270587   1623.47
      1       270420   1623.47
      1       270253   1623.47
      1       270086   1623.47
      1       269919   1623.47
      1       269752   1623.47
      1       269585   1623.47
      1       269418   1623.47
      1       269252   1623.47
      1       269086   1623.47
      1       268920   1623.47
      1       268754   1623.47
      1       268588   1623.47
      1       268422   1623.47
      1       268256   1623.47
      1       268090   1623.47
      1       267924   1623.47
      1       267758   1623.47
      1       267593   1623.47
      1       267428   1623.47
      1       267263   1623.47
      1       267098   1623.47
      1       266933   1623.47
      1       266768   1623.47
      1       266603   1623.47
      1       266438   1623.47
      1       266273   1623.47
      1       266108   1623.47
      1       265944   1623.47
      1       265780   1623.47
      1       265616   1623.47
      1       265452   1623.47
      1       265288   1623.47
      1       265124   1623.47
      1       264960   1623.47
      1       264796   1623.47
      1       264632   1623.47
      1       264468   1623.47
      1       264305   1623.47
      1       264142   1623.47
      1       263979   1623.47
      1       263816   1623.47
      1       263653   1623.47
      1       263490   1623.47
      1       263327   1623.47
      1       263164   1623.47
      1       263001   1623.47
      1       262839   1623.47
      1       262677   1623.47
      1       262515   1623.47
      1       262353   1623.47
      1       262191   1623.47
      1       262029   1623.47
      1       261867   1623.47
      1       261705   1623.47
      1       261543   1623.47
      1       261381   1623.47
      1       261219   1623.47
      1       261058   1623.47
      1       260897   1623.47
      1       260736   1623.47
      1       260575   1623.47
      1       260414   1623.47
      1       260253   1623.47
      1       260092   1623.47
      1       259931   1623.47
      1       259770   1623.47
      1       259609   1623.47
      1       259449   1623.47
      1       259289   1623.47
      1       259129   1623.47
      1       258969   1623.47
      1       258809   1623.47
      1       258649   1623.47
      1       258489   1623.47
      1       258329   1623.47
      1       258169   1623.47
      1       258009   1623.47
      1       257850   1623.47
      1       257691   1623.47
      1       257532   1623.47
      1       257373   1623.47
      1       257214   1623.47
      1       257055   1623.47
      1       256896   1623.47
      1       256737   1623.47
      1       256578   1623.47
      1       256419   1623.47
      1       256261   1623.47
      1       256103   1623.47
      1       255945   1623.47
      1       255787   1623.47
      1       255629   1623.47
      1       255471   1623.47
      1       255313   1623.47
      1       255155   1623.47
      1       254997   1623.47
      1       254839   1623.47
      1       254682   1623.47
      1       254525   1623.47
      1       254368   1623.47
      1       254211   1623.47
      1       254054   1623.47
      1       253897   1623.47
      1       253740   1623.47
      1       253583   1623.47
      1       253426   1623.47
      1       253269   1623.47
      1       253112   1623.47
      1       252956   1623.47
      1       252800   1623.47
      1       252644   1623.47
      1       252488   1623.47
      1       252332   1623.47
      1       252176   1623.47
      1       252020   1623.47
      1       251864   1623.47
      1       251708   1623.47
      1       251552   1623.47
      1       251397   1623.47
      1       251242   1623.47
      1       251087   1623.47
      1       250932   1623.47
      1       250777   1623.47
      1       250622   1623.47
      1       250467   1623.47
      1       250312   1623.47
      1       250157   1623.47
      1       250002   1623.47
      1       249848   1623.47
      1       249694   1623.47
      1       249540   1623.47
      1       249386   1623.47
      1       249232   1623.47
      1       249078   1623.47
      1       248924   1623.47
      1       248770   1623.47
      1       248616   1623.47
      1       248462   1623.47
      1       248308   1623.47
      1       248155   1623.47
      1       248002   1623.47
      1       247849   1623.47
      1       247696   1623.47
      1       247543   1623.47
      1       247390   1623.47
      1       247237   1623.47
      1       247084   1623.47
      1       246931   1623.47
      1       246778   1623.47
      1       246625   1623.47
      1       246473   1623.47
      1       246321   1623.47
      1       246169   1623.47
      1       246017   1623.47
      1       245865   1623.47
      1       245713   1623.47
      1       245561   1623.47
      1       245409   1623.47
      1       245257   1623.47
      1       245105   1623.47
      1       244954   1623.47
      1       244803   1623.47
      1       244652   1623.47
      1       244501   1623.47
      1       244350   1623.47
      1       244199   1623.47
      1       244048   1623.47
      1       243897   1623.47
      1       243746   1623.47
      1       243595   1623.47
      1       243444   1623.47
      1       243294   1623.47
      1       243144   1623.47
      1       242994   1623.47
      1       242844   1623.47
      1       242694   1623.47
      1       242544   1623.47
      1       242394   1623.47
      1       242244   1623.47
      1       242094   1623.47
      1       241944   1623.47
      1       241794   1623.47
      1       241645   1623.47
      1       241496   1623.47
      1       241347   1623.47
      1       241198   1623.47
      1       241049   1623.47
      1       240900   1623.47
      1       240751   1623.47
      1       240602   1623.47
      1       240453   1623.47
      1       240304   1623.47
      1       240155   1623.47
      1       240007   1623.47
      1       239859   1623.47
      1       239711   1623.47
      1       239563   1623.47
      1       239415   1623.47
      1       239267   1623.47
      1       239119   1623.47
      1       238971   1623.47
      1       238823   1623.47
      1       238675   1623.47
      1       238527   1623.47
      1       238380   1623.47
      1       238233   1623.47
      1       238086   1623.47
      1       237939   1623.47
      1       237792   1623.47
      1       237645   1623.47
      1       237498   1623.47
      1       237351   1623.47
      1       237204   1623.47
      1       237057   1623.47
      1       236910   1623.47
      1       236764   1623.47
      1       236618   1623.47
      1       236472   1623.47
      1       236326   1623.47
      1       236180   1623.47
      1       236034   1623.47
      1       235888   1623.47
      1       235742   1623.47
      1       235596   1623.47
      1       235450   1623.47
      1       235304   1623.47
      1       235159   1623.47
      1       235014   1623.47
      1       234869   1623.47
      1       234724   1623.47
      1       234579   1623.47
      1       234434   1623.47
      1       234289   1623.47
      1       234144   1623.47
      1       233999   1623.47
      1       233854   1623.47
      1       233709   1623.47
      1       233565   1623.47
      1       233421   1623.47
      1       233277   1623.47
      1       233133   1623.47
      1       232989   1623.47
      1       232845   1623.47
      1       232701   1623.47
      1       232557   1623.47
      1       232413   1623.47
      1       232269   1623.47
      1       232125   1623.47
      1       231982   1623.47
      1       231839   1623.47
      1       231696   1623.47
      1       231553   1623.47
      1       231410   1623.47
      1       231267   1623.47
      1       231124   1623.47
      1       230981   1623.47
      1       230838   1623.47
      1       230695   1623.47
      1       230552   1623.47
      1       230409   1623.47
      1       230267   1623.47
      1       230125   1623.47
      1       229983   1623.47
      1       229841   1623.47
      1       229699   1623.47
      1       229557   1623.47
      1       229415   1623.47
      1       229273   1623.47
      1       229131   1623.47
      1       228989   1623.47
      1       228847   1623.47
      1       228706   1623.47
      1       228565   1623.47
      1       228424   1623.47
      1       228283   1623.47
      1       228142   1623.47
      1       228001   1623.47
      1       227860   1623.47
      1       227719   1623.47
      1       227578   1623.47
      1       227437   1623.47
      1       227296   1623.47
      1       227155   1623.47
      1       227015   1623.47
      1       226875   1623.47
      1       226735   1623.47
      1       226595   1623.47
      1       226455   1623.47
      1       226315   1623.47
      1       226175   1623.47
      1       226035   1623.47
      1       225895   1623.47
      1       225755   1623.47
      1       225615   1623.47
      1       225476   1623.47
      1       225337   1623.47
      1       225198   1623.47
      1       225059   1623.47
      1       224920   1623.47
      1       224781   1623.47
      1       224642   1623.47
      1       224503   1623.47
      1       224364   1623.47
      1       224225   1623.47
      1       224086   1623.47
      1       223947   1623.47
      1       223809   1623.47
      1       223671   1623.47
      1       223533   1623.47
      1       223395   1623.47
      1       223257   1623.47
      1       223119   1623.47
      1       222981   1623.47
      1       222843   1623.47
      1       222705   1623.47
      1       222567   1623.47
      1       222429   1623.47
      1       222291   1623.47
      1       222154   1623.47
      1       222017   1623.47
      1       221880   1623.47
      1       221743   1623.47
      1       221606   1623.47
      1       221469   1623.47
      1       221332   1623.47
      1       221195   1623.47
      1       221058   1623.47
      1       220921   1623.47
      1       220784   1623.47
      1       220648   1623.47
      1       220512   1623.47
      1       220376   1623.47
      1       220240   1623.47
      1       220104   1623.47
      1       219968   1623.47
      1       219832   1623.47
      1       219696   1623.47
      1       219560   1623.47
      1       219424   1623.47
      1       219288   1623.47
      1       219152   1623.47
      1       219017   1623.47
      1       218882   1623.47
      1       218747   1623.47
      1       218612   1623.47
      1       218477   1623.47
      1       218342   1623.47
      1       218207   1623.47
      1       218072   1623.47
      1       217937   1623.47
      1       217802   1623.47
      1       217667   1623.47
      1       217532   1623.47
      1       217398   1623.47
      1       217264   1623.47
      1       217130   1623.47
      1       216996   1623.47
      1       216862   1623.47
      1       216728   1623.47
      1       216594   1623.47
      1       216460   1623.47
      1       216326   1623.47
      1       216192   1623.47
      1       216058   1623.47
      1       215924   1623.47
      1       215790   1623.47
      1       215657   1623.47
      1       215524   1623.47
      1       215391   1623.47
      1       215258   1623.47
      1       215125   1623.47
      1       214992   1623.47
      1       214859   1623.47
      1       214726   1623.47
      1       214593   1623.47
      1       214460   1623.47
      1       214327   1623.47
      1       214194   1623.47
      1       214062   1623.47
      1       213930   1623.47
      1       213798   1623.47
      1       213666   1623.47
      1       213534   1623.47
      1       213402   1623.47
      1       213270   1623.47
      1       213138   1623.47
      1       213006   1623.47
      1       212874   1623.47
      1       212742   1623.47
      1       212610   1623.47
      1       212479   1623.47
      1       212348   1623.47
      1       212217   1623.47
      1       212086   1623.47
      1       211955   1623.47
      1       211824   1623.47
      1       211693   1623.47
      1       211562   1623.47
      1       211431   1623.47
      1       211300   1623.47
      1       211169   1623.47
      1       211038   1623.47
      1       210908   1623.47
      1       210778   1623.47
      1       210648   1623.47
      1       210518   1623.47
      1       210388   1623.47
      1       210258   1623.47
      1       210128   1623.47
      1       209998   1623.47
      1       209868   1623.47
      1       209738   1623.47
      1       209608   1623.47
      1       209478   1623.47
      1       209348   1623.47
      1       209219   1623.47
      1       209090   1623.47
      1       208961   1623.47
      1       208832   1623.47
      1       208703   1623.47
      1       208574   1623.47
      1       208445   1623.47
      1       208316   1623.47
      1       208187   1623.47
      1       208058   1623.47
      1       207929   1623.47
      1       207800   1623.47
      1       207672   1623.47
      1       207544   1623.47
      1       207416   1623.47
      1       207288   1623.47
      1       207160   1623.47
      1       207032   1623.47
      1       206904   1623.47
      1       206776   1623.47
      1       206648   1623.47
      1       206520   1623.47
      1       206392   1623.47
      1       206264   1623.47
      1       206136   1623.47
      1       206009   1623.47
      1       205882   1623.47
      1       205755   1623.47
      1       205628   1623.47
      1       205501   1623.47
      1       205374   1623.47
      1       205247   1623.47
      1       205120   1623.47
      1       204993   1623.47
      1       204866   1623.47
      1       204739   1623.47
      1       204612   1623.47
      1       204485   1623.47
      1       204359   1623.47
      1       204233   1623.47
      1       204107   1623.47
      1       203981   1623.47
      1       203855   1623.47
      1       203729   1623.47
      1       203603   1623.47
      1       203477   1623.47
      1       203351   1623.47
      1       203225   1623.47
      1       203099   1623.47
      1       202973   1623.47
      1       202847   1623.47
      1       202722   1623.47
      1       202597   1623.47
      1       202472   1623.47
      1       202347   1623.47
      1       202222   1623.47
      1       202097   1623.47
      1       201972   1623.47
      1       201847   1623.47
      1       201722   1623.47
      1       201597   1623.47
      1       201472   1623.47
      1       201347   1623.47
      1       201222   1623.47
      1       201098   1623.47
      1       200974   1623.47
      1       200850   1623.47
      1       200726   1623.47
      1       200602   1623.47
      1       200478   1623.47
      1       200354   1623.47
      1       200230   1623.47
      1       200106   1623.47
      1       199982   1623.47
      1       199858   1623.47
      1       199734   1623.47
      1       199610   1623.47
      1       199487   1623.47
      1       199364   1623.47
      1       199241   1623.47
      1       199118   1623.47
      1       198995   1623.47
      1       198872   1623.47
      1       198749   1623.47
      1       198626   1623.47
      1       198503   1623.47
      1       198380   1623.47
      1       198257   1623.47
      1       198134   1623.47
      1       198011   1623.47
      1       197889   1623.47
      1       197767   1623.47
      1       197645   1623.47
      1       197523   1623.47
      1       197401   1623.47
      1       197279   1623.47
      1       197157   1623.47
      1       197035   1623.47
      1       196913   1623.47
      1       196791   1623.47
      1       196669   1623.47
      1       196547   1623.47
      1       196425   1623.47
      1       196304   1623.47
      1       196183   1623.47
      1       196062   1623.47
      1       195941   1623.47
      1       195820   1623.47
      1       195699   1623.47
      1       195578   1623.47
      1       195457   1623.47
      1       195336   1623.47
      1       195215   1623.47
      1       195094   1623.47
      1       194973   1623.47
      1       194852   1623.47
      1       194731   1623.47
      1       194611   1623.47
      1       194491   1623.47
      1       194371   1623.47
      1       194251   1623.47
      1       194131   1623.47
      1       194011   1623.47
      1       193891   1623.47
      1       193771   1623.47
      1       193651   1623.47
      1       193531   1623.47
      1       193411   1623.47
      1       193291   1623.47
      1       193171   1623.47
      1       193052   1623.47
      1       192933   1623.47
      1       192814   1623.47
      1       192695   1623.47
      1       192576   1623.47
      1       192457   1623.47
      1       192338   1623.47
      1       192219   1623.47
      1       192100   1623.47
      1       191981   1623.47
      1       191862   1623.47
      1       191743   1623.47
      1       191624   1623.47
      1       191505   1623.47
      1       191387   1623.47
      1       191269   1623.47
      1       191151   1623.47
      1       191033   1623.47
      1       190915   1623.47
      1       190797   1623.47
      1       190679   1623.47
      1       190561   1623.47
      1       190443   1623.47
      1       190325   1623.47
      1       190207   1623.47
      1       190089   1623.47
      1       189971   1623.47
      1       189853   1623.47
      1       189736   1623.47
      1       189619   1623.47
      1       189502   1623.47
      1       189385   1623.47
      1       189268   1623.47
      1       189151   1623.47
      1       189034   1623.47
      1       188917   1623.47
      1       188800   1623.47
      1       188683   1623.47
      1       188566   1623.47
      1       188449   1623.47
      1       188332   1623.47
      1       188215   1623.47
      1       188099   1623.47
      1       187983   1623.47
      1       187867   1623.47
      1       187751   1623.47
      1       187635   1623.47
      1       187519   1623.47
      1       187403   1623.47
      1       187287   1623.47
      1       187171   1623.47
      1       187055   1623.47
      1       186939   1623.47
      1       186823   1623.47
      1       186707   1623.47
      1       186591   1623.47
      1       186476   1623.47
      1       186361   1623.47
      1       186246   1623.47
      1       186131   1623.47
      1       186016   1623.47
      1       185901   1623.47
      1       185786   1623.47
      1       185671   1623.47
      1       185556   1623.47
      1       185441   1623.47
      1       185326   1623.47
      1       185211   1623.47
      1       185096   1623.47
      1       184981   1623.47
      1       184867   1623.47
      1       184753   1623.47
      1       184639   1623.47
      1       184525   1623.47
      1       184411   1623.47
      1       184297   1623.47
      1       184183   1623.47
      1       184069   1623.47
      1       183955   1623.47
      1       183841   1623.47
      1       183727   1623.47
      1       183613   1623.47
      1       183499   1623.47
      1       183385   1623.47
      1       183272   1623.47
      1       183159   1623.47
      1       183046   1623.47
      1       182933   1623.47
      1       182820   1623.47
      1       182707   1623.47
      1       182594   1623.47
      1       182481   1623.47
      1       182368   1623.47
      1       182255   1623.47
      1       182142   1623.47
      1       182029   1623.47
      1       181916   1623.47
      1       181803   1623.47
      1       181691   1623.47
      1       181579   1623.47
      1       181467   1623.47
      1       181355   1623.47
      1       181243   1623.47
      1       181131   1623.47
      1       181019   1623.47
      1       180907   1623.47
      1       180795   1623.47
      1       180683   1623.47
      1       180571   1623.47
      1       180459   1623.47
      1       180347   1623.47
      1       180235   1623.47
      1       180123   1623.47
      1       180012   1623.47
      1       179901   1623.47
      1       179790   1623.47
      1       179679   1623.47
      1       179568   1623.47
      1       179457   1623.47
      1       179346   1623.47
      1       179235   1623.47
      1       179124   1623.47
      1       179013   1623.47
      1       178902   1623.47
      1       178791   1623.47
      1       178680   1623.47
      1       178569   1623.47
      1       178459   1623.47
      1       178349   1623.47
      1       178239   1623.47
      1       178129   1623.47
      1       178019   1623.47
      1       177909   1623.47
      1       177799   1623.47
      1       177689   1623.47
      1       177579   1623.47
      1       177469   1623.47
      1       177359   1623.47
      1       177249   1623.47
      1       177139   1623.47
      1       177029   1623.47
      1       176919   1623.47
      1       176810   1623.47
      1       176701   1623.47
      1       176592   1623.47
      1       176483   1623.47
      1       176374   1623.47
      1       176265   1623.47
      1       176156   1623.47
      1       176047   1623.47
      1       175938   1623.47
      1       175829   1623.47
      1       175720   1623.47
      1       175611   1623.47
      1       175502   1623.47
      1       175393   1623.47
      1       175284   1623.47
      1       175176   1623.47
      1       175068   1623.47
      1       174960   1623.47
      1       174852   1623.47
      1       174744   1623.47
      1       174636   1623.47
      1       174528   1623.47
      1       174420   1623.47
      1       174312   1623.47
      1       174204   1623.47
      1       174096   1623.47
      1       173988   1623.47
      1       173880   1623.47
      1       173772   1623.47
      1       173664   1623.47
      1       173557   1623.47
      1       173450   1623.47
      1       173343   1623.47
      1       173236   1623.47
      1       173129   1623.47
      1       173022   1623.47
      1       172915   1623.47
      1       172808   1623.47
      1       172701   1623.47
      1       172594   1623.47
      1       172487   1623.47
      1       172380   1623.47
      1       172273   1623.47
      1       172166   1623.47
      1       172059   1623.47
      1       171953   1623.47
      1       171847   1623.47
      1       171741   1623.47
      1       171635   1623.47
      1       171529   1623.47
      1       171423   1623.47
      1       171317   1623.47
      1       171211   1623.47
      1       171105   1623.47
      1       170999   1623.47
      1       170893   1623.47
      1       170787   1623.47
      1       170681   1623.47
      1       170575   1623.47
      1       170469   1623.47
      1       170363   1623.47
      1       170258   1623.47
      1       170153   1623.47
      1       170048   1623.47
      1       169943   1623.47
      1       169838   1623.47
      1       169733   1623.47
      1       169628   1623.47
      1       169523   1623.47
      1       169418   1623.47
      1       169313   1623.47
      1       169208   1623.47
      1       169103   1623.47
      1       168998   1623.47
      1       168893   1623.47
      1       168788   1623.47
      1       168684   1623.47
      1       168580   1623.47
      1       168476   1623.47
      1       168372   1623.47
      1       168268   1623.47
      1       168164   1623.47
      1       168060   1623.47
      1       167956   1623.47
      1       167852   1623.47
      1       167748   1623.47
      1       167644   1623.47
      1       167540   1623.47
      1       167436   1623.47
      1       167332   1623.47
      1       167228   1623.47
      1       167124   1623.47
      1       167021   1623.47
      1       166918   1623.47
      1       166815   1623.47
      1       166712   1623.47
      1       166609   1623.47
      1       166506   1623.47
      1       166403   1623.47
      1       166300   1623.47
      1       166197   1623.47
      1       166094   1623.47
      1       165991   1623.47
      1       165888   1623.47
      1       165785   1623.47
      1       165682   1623.47
      1       165579   1623.47
      1       165477   1623.47
      1       165375   1623.47
      1       165273   1623.47
      1       165171   1623.47
      1       165069   1623.47
      1       164967   1623.47
      1       164865   1623.47
      1       164763   1623.47
      1       164661   1623.47
      1       164559   1623.47
      1       164457   1623.47
      1       164355   1623.47
      1       164253   1623.47
      1       164151   1623.47
      1       164049   1623.47
      1       163947   1623.47
      1       163846   1623.47
      1       163745   1623.47
      1       163644   1623.47
      1       163543   1623.47
      1       163442   1623.47
      1       163341   1623.47
      1       163240   1623.47
      1       163139   1623.47
      1       163038   1623.47
      1       162937   1623.47
      1       162836   1623.47
      1       162735   1623.47
      1       162634   1623.47
      1       162533   1623.47
      1       162432   1623.47
      1       162331   1623.47
      1       162231   1623.47
      1       162131   1623.47
      1       162031   1623.47
      1       161931   1623.47
      1       161831   1623.47
      1       161731   1623.47
      1       161631   1623.47
      1       161531   1623.47
      1       161431   1623.47
      1       161331   1623.47
      1       161231   1623.47
      1       161131   1623.47
      1       161031   1623.47
      1       160931   1623.47
      1       160831   1623.47
      1       160731   1623.47
      1       160631   1623.47
      1       160532   1623.47
      1       160433   1623.47
      1       160334   1623.47
      1       160235   1623.47
      1       160136   1623.47
      1       160037   1623.47
      1       159938   1623.47
      1       159839   1623.47
      1       159740   1623.47
      1       159641   1623.47
      1       159542   1623.47
      1       159443   1623.47
      1       159344   1623.47
      1       159245   1623.47
      1       159146   1623.47
      1       159047   1623.47
      1       158949   1623.47
      1       158851   1623.47
      1       158753   1623.47
      1       158655   1623.47
      1       158557   1623.47
      1       158459   1623.47
      1       158361   1623.47
      1       158263   1623.47
      1       158165   1623.47
      1       158067   1623.47
      1       157969   1623.47
      1       157871   1623.47
      1       157773   1623.47
      1       157675   1623.47
      1       157577   1623.47
      1       157479   1623.47
      1       157381   1623.47
      1       157284   1623.47
      1       157187   1623.47
      1       157090   1623.47
      1       156993   1623.47
      1       156896   1623.47
      1       156799   1623.47
      1       156702   1623.47
      1       156605   1623.47
      1       156508   1623.47
      1       156411   1623.47
      1       156314   1623.47
      1       156217   1623.47
      1       156120   1623.47
      1       156023   1623.47
      1       155926   1623.47
      1       155829   1623.47
      1       155733   1623.47
      1       155637   1623.47
      1       155541   1623.47
      1       155445   1623.47
      1       155349   1623.47
      1       155253   1623.47
      1       155157   1623.47
      1       155061   1623.47
      1       154965   1623.47
      1       154869   1623.47
      1       154773   1623.47
      1       154677   1623.47
      1       154581   1623.47
      1       154485   1623.47
      1       154389   1623.47
      1       154293   1623.47
      1       154197   1623.47
      1       154102   1623.47
      1       154007   1623.47
      1       153912   1623.47
      1       153817   1623.47
      1       153722   1623.47
      1       153627   1623.47
      1       153532   1623.47
      1       153437   1623.47
      1       153342   1623.47
      1       153247   1623.47
      1       153152   1623.47
      1       153057   1623.47
      1       152962   1623.47
      1       152867   1623.47
      1       152772   1623.47
      1       152677   1623.47
      1       152582   1623.47
      1       152488   1623.47
      1       152394   1623.47
      1       152300   1623.47
      1       152206   1623.47
      1       152112   1623.47
      1       152018   1623.47
      1       151924   1623.47
      1       151830   1623.47
      1       151736   1623.47
      1       151642   1623.47
      1       151548   1623.47
      1       151454   1623.47
      1       151360   1623.47
      1       151266   1623.47
      1       151172   1623.47
      1       151078   1623.47
      1       150984   1623.47
      1       150890   1623.47
      1       150797   1623.47
      1       150704   1623.47
      1       150611   1623.47
      1       150518   1623.47
      1       150425   1623.47
      1       150332   1623.47
      1       150239   1623.47
      1       150146   1623.47
      1       150053   1623.47
      1       149960   1623.47
      1       149867   1623.47
      1       149774   1623.47
      1       149681   1623.47
      1       149588   1623.47
      1       149495   1623.47
      1       149402   1623.47
      1       149309   1623.47
      1       149217   1623.47
      1       149125   1623.47
      1       149033   1623.47
      1       148941   1623.47
      1       148849   1623.47
      1       148757   1623.47
      1       148665   1623.47
      1       148573   1623.47
      1       148481   1623.47
      1       148389   1623.47
      1       148297   1623.47
      1       148205   1623.47
      1       148113   1623.47
      1       148021   1623.47
      1       147929   1623.47
      1       147837   1623.47
      1       147745   1623.47
      1       147653   1623.47
      1       147562   1623.47
      1       147471   1623.47
      1       147380   1623.47
      1       147289   1623.47
      1       147198   1623.47
      1       147107   1623.47
      1       147016   1623.47
      1       146925   1623.47
      1       146834   1623.47
      1       146743   1623.47
      1       146652   1623.47
      1       146561   1623.47
      1       146470   1623.47
      1       146379   1623.47
      1       146288   1623.47
      1       146197   1623.47
      1       146106   1623.47
      1       146016   1623.47
      1       145926   1623.47
      1       145836   1623.47
      1       145746   1623.47
      1       145656   1623.47
      1       145566   1623.47
      1       145476   1623.47
      1       145386   1623.47
      1       145296   1623.47
      1       145206   1623.47
      1       145116   1623.47
      1       145026   1623.47
      1       144936   1623.47
      1       144846   1623.47
      1       144756   1623.47
      1       144666   1623.47
      1       144576   1623.47
      1       144486   1623.47
      1       144397   1623.47
      1       144308   1623.47
      1       144219   1623.47
      1       144130   1623.47
      1       144041   1623.47
      1       143952   1623.47
      1       143863   1623.47
      1       143774   1623.47
      1       143685   1623.47
      1       143596   1623.47
      1       143507   1623.47
      1       143418   1623.47
      1       143329   1623.47
      1       143240   1623.47
      1       143151   1623.47
      1       143062   1623.47
      1       142973   1623.47
      1       142884   1623.47
      1       142795   1623.47
      1       142707   1623.47
      1       142619   1623.47
      1       142531   1623.47
      1       142443   1623.47
      1       142355   1623.47
      1       142267   1623.47
      1       142179   1623.47
      1       142091   1623.47
      1       142003   1623.47
      1       141915   1623.47
      1       141827   1623.47
      1       141739   1623.47
      1       141651   1623.47
      1       141563   1623.47
      1       141475   1623.47
      1       141387   1623.47
      1       141299   1623.47
      1       141211   1623.47
      1       141124   1623.47
      1       141037   1623.47
      1       140950   1623.47
      1       140863   1623.47
      1       140776   1623.47
      1       140689   1623.47
      1       140602   1623.47
      1       140515   1623.47
      1       140428   1623.47
      1       140341   1623.47
      1       140254   1623.47
      1       140167   1623.47
      1       140080   1623.47
      1       139993   1623.47
      1       139906   1623.47
      1       139819   1623.47
      1       139732   1623.47
      1       139645   1623.47
      1       139558   1623.47
      1       139472   1623.47
      1       139386   1623.47
      1       139300   1623.47
      1       139214   1623.47
      1       139128   1623.47
      1       139042   1623.47
      1       138956   1623.47
      1       138870   1623.47
      1       138784   1623.47
      1       138698   1623.47
      1       138612   1623.47
      1       138526   1623.47
      1       138440   1623.47
      1       138354   1623.47
      1       138268   1623.47
      1       138182   1623.47
      1       138096   1623.47
      1       138010   1623.47
      1       137924   1623.47
      1       137839   1623.47
      1       137754   1623.47
      1       137669   1623.47
      1       137584   1623.47
      1       137499   1623.47
      1       137414   1623.47
      1       137329   1623.47
      1       137244   1623.47
      1       137159   1623.47
      1       137074   1623.47
      1       136989   1623.47
      1       136904   1623.47
      1       136819   1623.47
      1       136734   1623.47
      1       136649   1623.47
      1       136564   1623.47
      1       136479   1623.47
      1       136394   1623.47
      1       136309   1623.47
      1       136225   1623.47
      1       136141   1623.47
      1       136057   1623.47
      1       135973   1623.47
      1       135889   1623.47
      1       135805   1623.47
      1       135721   1623.47
      1       135637   1623.47
      1       135553   1623.47
      1       135469   1623.47
      1       135385   1623.47
      1       135301   1623.47
      1       135217   1623.47
      1       135133   1623.47
      1       135049   1623.47
      1       134965   1623.47
      1       134881   1623.47
      1       134797   1623.47
      1       134713   1623.47
      1       134630   1623.47
      1       134547   1623.47
      1       134464   1623.47
      1       134381   1623.47
      1       134298   1623.47
      1       134215   1623.47
      1       134132   1623.47
      1       134049   1623.47
      1       133966   1623.47
      1       133883   1623.47
      1       133800   1623.47
      1       133717   1623.47
      1       133634   1623.47
      1       133551   1623.47
      1       133468   1623.47
      1       133385   1623.47
      1       133302   1623.47
      1       133219   1623.47
      1       133136   1623.47
      1       133053   1623.47
      1       132971   1623.47
      1       132889   1623.47
      1       132807   1623.47
      1       132725   1623.47
      1       132643   1623.47
      1       132561   1623.47
      1       132479   1623.47
      1       132397   1623.47
      1       132315   1623.47
      1       132233   1623.47
      1       132151   1623.47
      1       132069   1623.47
      1       131987   1623.47
      1       131905   1623.47
      1       131823   1623.47
      1       131741   1623.47
      1       131659   1623.47
      1       131577   1623.47
      1       131495   1623.47
      1       131414   1623.47
      1       131333   1623.47
      1       131252   1623.47
      1       131171   1623.47
      1       131090   1623.47
      1       131009   1623.47
      1       130928   1623.47
      1       130847   1623.47
      1       130766   1623.47
      1       130685   1623.47
      1       130604   1623.47
      1       130523   1623.47
      1       130442   1623.47
      1       130361   1623.47
      1       130280   1623.47
      1       130199   1623.47
      1       130118   1623.47
      1       130037   1623.47
      1       129956   1623.47
      1       129875   1623.47
      1       129795   1623.47
      1       129715   1623.47
      1       129635   1623.47
      1       129555   1623.47
      1       129475   1623.47
      1       129395   1623.47
      1       129315   1623.47
      1       129235   1623.47
      1       129155   1623.47
      1       129075   1623.47
      1       128995   1623.47
      1       128915   1623.47
      1       128835   1623.47
      1       128755   1623.47
      1       128675   1623.47
      1       128595   1623.47
      1       128515   1623.47
      1       128435   1623.47
      1       128355   1623.47
      1       128275   1623.47
      1       128195   1623.47
      1       128116   1623.47
      1       128037   1623.47
      1       127958   1623.47
      1       127879   1623.47
      1       127800   1623.47
      1       127721   1623.47
      1       127642   1623.47
      1       127563   1623.47
      1       127484   1623.47
      1       127405   1623.47
      1       127326   1623.47
      1       127247   1623.47
      1       127168   1623.47
      1       127089   1623.47
      1       127010   1623.47
      1       126931   1623.47
      1       126852   1623.47
      1       126773   1623.47
      1       126694   1623.47
      1       126615   1623.47
      1       126537   1623.47
      1       126459   1623.47
      1       126381   1623.47
      1       126303   1623.47
      1       126225   1623.47
      1       126147   1623.47
      1       126069   1623.47
      1       125991   1623.47
      1       125913   1623.47
      1       125835   1623.47
      1       125757   1623.47
      1       125679   1623.47
      1       125601   1623.47
      1       125523   1623.47
      1       125445   1623.47
      1       125367   1623.47
      1       125289   1623.47
      1       125211   1623.47
      1       125133   1623.47
      1       125055   1623.47
      1       124977   1623.47
      1       124900   1623.47
      1       124823   1623.47
      1       124746   1623.47
      1       124669   1623.47
      1       124592   1623.47
      1       124515   1623.47
      1       124438   1623.47
      1       124361   1623.47
      1       124284   1623.47
      1       124207   1623.47
      1       124130   1623.47
      1       124053   1623.47
      1       123976   1623.47
      1       123899   1623.47
      1       123822   1623.47
      1       123745   1623.47
      1       123668   1623.47
      1       123591   1623.47
      1       123514   1623.47
      1       123437   1623.47
      1       123360   1623.47
      1       123284   1623.47
      1       123208   1623.47
      1       123132   1623.47
      1       123056   1623.47
      1       122980   1623.47
      1       122904   1623.47
      1       122828   1623.47
      1       122752   1623.47
      1       122676   1623.47
      1       122600   1623.47
      1       122524   1623.47
      1       122448   1623.47
      1       122372   1623.47
      1       122296   1623.47
      1       122220   1623.47
      1       122144   1623.47
      1       122068   1623.47
      1       121992   1623.47
      1       121916   1623.47
      1       121840   1623.47
      1       121764   1623.47
      1       121688   1623.47
      1       121613   1623.47
      1       121538   1623.47
      1       121463   1623.47
      1       121388   1623.47
      1       121313   1623.47
      1       121238   1623.47
      1       121163   1623.47
      1       121088   1623.47
      1       121013   1623.47
      1       120938   1623.47
      1       120863   1623.47
      1       120788   1623.47
      1       120713   1623.47
      1       120638   1623.47
      1       120563   1623.47
      1       120488   1623.47
      1       120413   1623.47
      1       120338   1623.47
      1       120263   1623.47
      1       120188   1623.47
      1       120113   1623.47
      1       120039   1623.47
      1       119965   1623.47
      1       119891   1623.47
      1       119817   1623.47
      1       119743   1623.47
      1       119669   1623.47
      1       119595   1623.47
      1       119521   1623.47
      1       119447   1623.47
      1       119373   1623.47
      1       119299   1623.47
      1       119225   1623.47
      1       119151   1623.47
      1       119077   1623.47
      1       119003   1623.47
      1       118929   1623.47
      1       118855   1623.47
      1       118781   1623.47
      1       118707   1623.47
      1       118633   1623.47
      1       118559   1623.47
      1       118485   1623.47
      1       118412   1623.47
      1       118339   1623.47
      1       118266   1623.47
      1       118193   1623.47
      1       118120   1623.47
      1       118047   1623.47
      1       117974   1623.47
      1       117901   1623.47
      1       117828   1623.47
      1       117755   1623.47
      1       117682   1623.47
      1       117609   1623.47
      1       117536   1623.47
      1       117463   1623.47
      1       117390   1623.47
      1       117317   1623.47
      1       117244   1623.47
      1       117171   1623.47
      1       117098   1623.47
      1       117025   1623.47
      1       116952   1623.47
      1       116879   1623.47
      1       116807   1623.47
      1       116735   1623.47
      1       116663   1623.47
      1       116591   1623.47
      1       116519   1623.47
      1       116447   1623.47
      1       116375   1623.47
      1       116303   1623.47
      1       116231   1623.47
      1       116159   1623.47
      1       116087   1623.47
      1       116015   1623.47
      1       115943   1623.47
      1       115871   1623.47
      1       115799   1623.47
      1       115727   1623.47
      1       115655   1623.47
      1       115583   1623.47
      1       115511   1623.47
      1       115439   1623.47
      1       115367   1623.47
      1       115295   1623.47
      1       115223   1623.47
      1       115152   1623.47
      1       115081   1623.47
      1       115010   1623.47
      1       114939   1623.47
      1       114868   1623.47
      1       114797   1623.47
      1       114726   1623.47
      1       114655   1623.47
      1       114584   1623.47
      1       114513   1623.47
      1       114442   1623.47
      1       114371   1623.47
      1       114300   1623.47
      1       114229   1623.47
      1       114158   1623.47
      1       114087   1623.47
      1       114016   1623.47
      1       113945   1623.47
      1       113874   1623.47
      1       113803   1623.47
      1       113732   1623.47
      1       113661   1623.47
      1       113590   1623.47
      1       113520   1623.47
      1       113450   1623.47
      1       113380   1623.47
      1       113310   1623.47
      1       113240   1623.47
      1       113170   1623.47
      1       113100   1623.47
      1       113030   1623.47
      1       112960   1623.47
      1       112890   1623.47
      1       112820   1623.47
      1       112750   1623.47
      1       112680   1623.47
      1       112610   1623.47
      1       112540   1623.47
      1       112470   1623.47
      1       112400   1623.47
      1       112330   1623.47
      1       112260   1623.47
      1       112190   1623.47
      1       112120   1623.47
      1       112050   1623.47
      1       111980   1623.47
      1       111911   1623.47
      1       111842   1623.47
      1       111773   1623.47
      1       111704   1623.47
      1       111635   1623.47
      1       111566   1623.47
      1       111497   1623.47
      1       111428   1623.47
      1       111359   1623.47
      1       111290   1623.47
      1       111221   1623.47
      1       111152   1623.47
      1       111083   1623.47
      1       111014   1623.47
      1       110945   1623.47
      1       110876   1623.47
      1       110807   1623.47
      1       110738   1623.47
      1       110669   1623.47
      1       110600   1623.47
      1       110531   1623.47
      1       110462   1623.47
      1       110393   1623.47
      1       110325   1623.47
      1       110257   1623.47
      1       110189   1623.47
      1       110121   1623.47
      1       110053   1623.47
      1       109985   1623.47
      1       109917   1623.47
      1       109849   1623.47
      1       109781   1623.47
      1       109713   1623.47
      1       109645   1623.47
      1       109577   1623.47
      1       109509   1623.47
      1       109441   1623.47
      1       109373   1623.47
      1       109305   1623.47
      1       109237   1623.47
      1       109169   1623.47
      1       109101   1623.47
      1       109033   1623.47
      1       108965   1623.47
      1       108897   1623.47
      1       108829   1623.47
      1       108761   1623.47
      1       108694   1623.47
      1       108627   1623.47
      1       108560   1623.47
      1       108493   1623.47
      1       108426   1623.47
      1       108359   1623.47
      1       108292   1623.47
      1       108225   1623.47
      1       108158   1623.47
      1       108091   1623.47
      1       108024   1623.47
      1       107957   1623.47
      1       107890   1623.47
      1       107823   1623.47
      1       107756   1623.47
      1       107689   1623.47
      1       107622   1623.47
      1       107555   1623.47
      1       107488   1623.47
      1       107421   1623.47
      1       107354   1623.47
      1       107287   1623.47
      1       107220   1623.47
      1       107153   1623.47
      1       107086   1623.47
      1       107020   1623.47
      1       106954   1623.47
      1       106888   1623.47
      1       106822   1623.47
      1       106756   1623.47
      1       106690   1623.47
      1       106624   1623.47
      1       106558   1623.47
      1       106492   1623.47
      1       106426   1623.47
      1       106360   1623.47
      1       106294   1623.47
      1       106228   1623.47
      1       106162   1623.47
      1       106096   1623.47
      1       106030   1623.47
      1       105964   1623.47
      1       105898   1623.47
      1       105832   1623.47
      1       105766   1623.47
      1       105700   1623.47
      1       105634   1623.47
      1       105568   1623.47
      1       105502   1623.47
      1       105437   1623.47
      1       105372   1623.47
      1       105307   1623.47
      1       105242   1623.47
      1       105177   1623.47
      1       105112   1623.47
      1       105047   1623.47
      1       104982   1623.47
      1       104917   1623.47
      1       104852   1623.47
      1       104787   1623.47
      1       104722   1623.47
      1       104657   1623.47
      1       104592   1623.47
      1       104527   1623.47
      1       104462   1623.47
      1       104397   1623.47
      1       104332   1623.47
      1       104267   1623.47
      1       104202   1623.47
      1       104137   1623.47
      1       104072   1623.47
      1       104007   1623.47
      1       103942   1623.47
      1       103877   1623.47
      1       103813   1623.47
      1       103749   1623.47
      1       103685   1623.47
      1       103621   1623.47
      1       103557   1623.47
      1       103493   1623.47
      1       103429   1623.47
      1       103365   1623.47
      1       103301   1623.47
      1       103237   1623.47
      1       103173   1623.47
      1       103109   1623.47
      1       103045   1623.47
      1       102981   1623.47
      1       102917   1623.47
      1       102853   1623.47
      1       102789   1623.47
      1       102725   1623.47
      1       102661   1623.47
      1       102597   1623.47
      1       102533   1623.47
      1       102469   1623.47
      1       102405   1623.47
      1       102341   1623.47
      1       102277   1623.47
      1       102214   1623.47
      1       102151   1623.47
      1       102088   1623.47
      1       102025   1623.47
      1       101962   1623.47
      1       101899   1623.47
      1       101836   1623.47
      1       101773   1623.47
      1       101710   1623.47
      1       101647   1623.47
      1       101584   1623.47
      1       101521   1623.47
      1       101458   1623.47
      1       101395   1623.47
      1       101332   1623.47
      1       101269   1623.47
      1       101206   1623.47
      1       101143   1623.47
      1       101080   1623.47
      1       101017   1623.47
      1       100954   1623.47
      1       100891   1623.47
      1       100828   1623.47
      1       100765   1623.47
      1       100702   1623.47
      1       100639   1623.47
      1       100577   1623.47
      1       100515   1623.47
      1       100453   1623.47
      1       100391   1623.47
      1       100329   1623.47
      1       100267   1623.47
      1       100205   1623.47
      1       100143   1623.47
      1       100081   1623.47
      1       100019   1623.47
      1        99957   1623.47
      1        99895   1623.47
      1        99833   1623.47
      1        99771   1623.47
      1        99709   1623.47
      1        99647   1623.47
      1        99585   1623.47
      1        99523   1623.47
      1        99461   1623.47
      1        99399   1623.47
      1        99337   1623.47
      1        99275   1623.47
      1        99213   1623.47
      1        99151   1623.47
      1        99089   1623.47
      1        99027   1623.47
      1        98966   1623.47
      1        98905   1623.47
      1        98844   1623.47
      1        98783   1623.47
      1        98722   1623.47
      1        98661   1623.47
      1        98600   1623.47
      1        98539   1623.47
      1        98478   1623.47
      1        98417   1623.47
      1        98356   1623.47
      1        98295   1623.47
      1        98234   1623.47
      1        98173   1623.47
      1        98112   1623.47
      1        98051   1623.47
      1        97990   1623.47
      1        97929   1623.47
      1        97868   1623.47
      1        97807   1623.47
      1        97746   1623.47
      1        97685   1623.47
      1        97624   1623.47
      1        97563   1623.47
      1        97502   1623.47
      1        97441   1623.47
      1        97380   1623.47
      1        97320   1623.47
      1        97260   1623.47
      1        97200   1623.47
      1        97140   1623.47
      1        97080   1623.47
      1        97020   1623.47
      1        96960   1623.47
      1        96900   1623.47
      1        96840   1623.47
      1        96780   1623.47
      1        96720   1623.47
      1        96660   1623.47
      1        96600   1623.47
      1        96540   1623.47
      1        96480   1623.47
      1        96420   1623.47
      1        96360   1623.47
      1        96300   1623.47
      1        96240   1623.47
      1        96180   1623.47
      1        96120   1623.47
      1        96060   1623.47
      1        96000   1623.47
      1        95940   1623.47
      1        95880   1623.47
      1        95820   1623.47
      1        95760   1623.47
      1        95701   1623.47
      1        95642   1623.47
      1        95583   1623.47
      1        95524   1623.47
      1        95465   1623.47
      1        95406   1623.47
      1        95347   1623.47
      1        95288   1623.47
      1        95229   1623.47
      1        95170   1623.47
      1        95111   1623.47
      1        95052   1623.47
      1        94993   1623.47
      1        94934   1623.47
      1        94875   1623.47
      1        94816   1623.47
      1        94757   1623.47
      1        94698   1623.47
      1        94639   1623.47
      1        94580   1623.47
      1        94521   1623.47
      1        94462   1623.47
      1        94403   1623.47
      1        94344   1623.47
      1        94285   1623.47
      1        94226   1623.47
      1        94167   1623.47
      1        94108   1623.47
      1        94050   1623.47
      1        93992   1623.47
      1        93934   1623.47
      1        93876   1623.47
      1        93818   1623.47
      1        93760   1623.47
      1        93702   1623.47
      1        93644   1623.47
      1        93586   1623.47
      1        93528   1623.47
      1        93470   1623.47
      1        93412   1623.47
      1        93354   1623.47
      1        93296   1623.47
      1        93238   1623.47
      1        93180   1623.47
      1        93122   1623.47
      1        93064   1623.47
      1        93006   1623.47
      1        92948   1623.47
      1        92890   1623.47
      1        92832   1623.47
      1        92774   1623.47
      1        92716   1623.47
      1        92658   1623.47
      1        92600   1623.47
      1        92542   1623.47
      1        92484   1623.47
      1        92427   1623.47
      1        92370   1623.47
      1        92313   1623.47
      1        92256   1623.47
      1        92199   1623.47
      1        92142   1623.47
      1        92085   1623.47
      1        92028   1623.47
      1        91971   1623.47
      1        91914   1623.47
      1        91857   1623.47
      1        91800   1623.47
      1        91743   1623.47
      1        91686   1623.47
      1        91629   1623.47
      1        91572   1623.47
      1        91515   1623.47
      1        91458   1623.47
      1        91401   1623.47
      1        91344   1623.47
      1        91287   1623.47
      1        91230   1623.47
      1        91173   1623.47
      1        91116   1623.47
      1        91059   1623.47
      1        91002   1623.47
      1        90945   1623.47
      1        90888   1623.47
      1        90832   1623.47
      1        90776   1623.47
      1        90720   1623.47
      1        90664   1623.47
      1        90608   1623.47
      1        90552   1623.47
      1        90496   1623.47
      1        90440   1623.47
      1        90384   1623.47
      1        90328   1623.47
      1        90272   1623.47
      1        90216   1623.47
      1        90160   1623.47
      1        90104   1623.47
      1        90048   1623.47
      1        89992   1623.47
      1        89936   1623.47
      1        89880   1623.47
      1        89824   1623.47
      1        89768   1623.47
      1        89712   1623.47
      1        89656   1623.47
      1        89600   1623.47
      1        89544   1623.47
      1        89488   1623.47
      1        89432   1623.47
      1        89376   1623.47
      1        89320   1623.47
      1        89264   1623.47
      1        89209   1623.47
      1        89154   1623.47
      1        89099   1623.47
      1        89044   1623.47
      1        88989   1623.47
      1        88934   1623.47
      1        88879   1623.47
      1        88824   1623.47
      1        88769   1623.47
      1        88714   1623.47
      1        88659   1623.47
      1        88604   1623.47
      1        88549   1623.47
      1        88494   1623.47
      1        88439   1623.47
      1        88384   1623.47
      1        88329   1623.47
      1        88274   1623.47
      1        88219   1623.47
      1        88164   1623.47
      1        88109   1623.47
      1        88054   1623.47
      1        87999   1623.47
      1        87944   1623.47
      1        87889   1623.47
      1        87834   1623.47
      1        87779   1623.47
      1        87724   1623.47
      1        87669   1623.47
      1        87614   1623.47
      1        87560   1623.47
      1        87506   1623.47
      1        87452   1623.47
      1        87398   1623.47
      1        87344   1623.47
      1        87290   1623.47
      1        87236   1623.47
      1        87182   1623.47
      1        87128   1623.47
      1        87074   1623.47
      1        87020   1623.47
      1        86966   1623.47
      1        86912   1623.47
      1        86858   1623.47
      1        86804   1623.47
      1        86750   1623.47
      1        86696   1623.47
      1        86642   1623.47
      1        86588   1623.47
      1        86534   1623.47
      1        86480   1623.47
      1        86426   1623.47
      1        86372   1623.47
      1        86318   1623.47
      1        86264   1623.47
      1        86210   1623.47
      1        86156   1623.47
      1        86102   1623.47
      1        86048   1623.47
      1        85994   1623.47
      1        85941   1623.47
      1        85888   1623.47
      1        85835   1623.47
      1        85782   1623.47
      1        85729   1623.47
      1        85676   1623.47
      1        85623   1623.47
      1        85570   1623.47
      1        85517   1623.47
      1        85464   1623.47
      1        85411   1623.47
      1        85358   1623.47
      1        85305   1623.47
      1        85252   1623.47
      1        85199   1623.47
      1        85146   1623.47
      1        85093   1623.47
      1        85040   1623.47
      1        84987   1623.47
      1        84934   1623.47
      1        84881   1623.47
      1        84828   1623.47
      1        84775   1623.47
      1        84722   1623.47
      1        84669   1623.47
      1        84616   1623.47
      1        84563   1623.47
      1        84510   1623.47
      1        84457   1623.47
      1        84404   1623.47
      1        84352   1623.47
      1        84300   1623.47
      1        84248   1623.47
      1        84196   1623.47
      1        84144   1623.47
      1        84092   1623.47
      1        84040   1623.47
      1        83988   1623.47
      1        83936   1623.47
      1        83884   1623.47
      1        83832   1623.47
      1        83780   1623.47
      1        83728   1623.47
      1        83676   1623.47
      1        83624   1623.47
      1        83572   1623.47
      1        83520   1623.47
      1        83468   1623.47
      1        83416   1623.47
      1        83364   1623.47
      1        83312   1623.47
      1        83260   1623.47
      1        83208   1623.47
      1        83156   1623.47
      1        83104   1623.47
      1        83052   1623.47
      1        83000   1623.47
      1        82948   1623.47
      1        82896   1623.47
      1        82844   1623.47
      1        82792   1623.47
      1        82741   1623.47
      1        82690   1623.47
      1        82639   1623.47
      1        82588   1623.47
      1        82537   1623.47
      1        82486   1623.47
      1        82435   1623.47
      1        82384   1623.47
      1        82333   1623.47
      1        82282   1623.47
      1        82231   1623.47
      1        82180   1623.47
      1        82129   1623.47
      1        82078   1623.47
      1        82027   1623.47
      1        81976   1623.47
      1        81925   1623.47
      1        81874   1623.47
      1        81823   1623.47
      1        81772   1623.47
      1        81721   1623.47
      1        81670   1623.47
      1        81619   1623.47
      1        81568   1623.47
      1        81517   1623.47
      1        81466   1623.47
      1        81415   1623.47
      1        81364   1623.47
      1        81313   1623.47
      1        81262   1623.47
      1        81211   1623.47
      1        81160   1623.47
      1        81110   1623.47
      1        81060   1623.47
      1        81010   1623.47
      1        80960   1623.47
      1        80910   1623.47
      1        80860   1623.47
      1        80810   1623.47
      1        80760   1623.47
      1        80710   1623.47
      1        80660   1623.47
      1        80610   1623.47
      1        80560   1623.47
      1        80510   1623.47
      1        80460   1623.47
      1        80410   1623.47
      1        80360   1623.47
      1        80310   1623.47
      1        80260   1623.47
      1        80210   1623.47
      1        80160   1623.47
      1        80110   1623.47
      1        80060   1623.47
      1        80010   1623.47
      1        79960   1623.47
      1        79910   1623.47
      1        79860   1623.47
      1        79810   1623.47
      1        79760   1623.47
      1        79710   1623.47
      1        79660   1623.47
      1        79610   1623.47
      1        79560   1623.47
